95	18.6764	97.1385	0.00998714	1	530	0.120392	0.0728092	0	996
150	18.6679	97.1641	0.0268336	1	530	0.119781	0.0763217	0	843
90	18.6591	97.1038	0.00830056	1	516	0.095353	0.129577	0	1260
140	18.6449	97.1776	0.0169784	1	558	0.122156	0.130356	0	904
90	18.6433	97.1883	0.0243664	1	558	0.116259	0.0978964	0	684
65	18.6404	97.0675	0.00470548	1	530	0.120497	0.118209	0	1175
90	18.6106	97.1404	0.011135	1	516	0.121136	0.0965644	0	1234
110	18.6232	97.0832	0.00374761	1	530	0.115098	0.109699	0	1103
85	18.6173	97.0945	0	1	530	0.130749	0.106966	0	962
175	18.6116	97.1952	0.0376731	1	201	0.131681	0.138578	0	948
35	18.6105	97.0883	0.00586811	1	530	0.121184	0.110942	0	962
295	18.6059	97.1466	0.0176304	1	530	0.122901	0.0834444	0	1245
280	18.6013	97.3137	0.0108034	1	663	0.11884	0.0812146	0	337
215	18.5963	97.2341	0.0106397	1	663	0.109094	0.104271	0	601
120	18.5964	97.1682	0.0252306	1	558	0.118957	0.0997771	0	1250
100	18.5938	97.1004	0.00170343	1	530	0.11806	0.0616933	0	1007
225	18.5918	97.0652	0.0141336	1	530	0.12414	0.111012	0	973
100	18.5913	97.0763	0.0323262	1	530	0.13088	0.0955007	0	917
350	18.5819	97.345	0.0133051	1	663	0.127695	0.0841935	0	116
150	18.5765	97.2431	0	1	663	0.0730654	0.0794016	0	601
65	18.5823	97.1188	0.0139742	1	530	0.092809	0.108665	0	989
90	18.5658	97.2567	0.00537201	1	663	0.0810921	0.110142	0	498
150	18.5782	97.1696	0.00900614	1	558	0.123515	0.1011	0	1227
380	18.5644	97.1011	0.0124393	1	530	0.0948828	0.133201	0	878
100	18.5637	97.0349	0.0205353	1	726	0.0867768	0.0912562	0	1394
210	18.5654	97.1109	0.0138016	1	530	0.124462	0.0914789	0	836
115	18.5558	97.1814	0.00694309	1	558	0.128771	0.0817262	0	1146
75	18.5579	97.2534	0.0109758	1	663	0.122533	0.116364	0	476
95	18.5515	97.2662	0	1	663	0.121461	0.105448	0	465
105	18.546	97.2693	0.0109308	1	663	0.109387	0.108793	0	374
200	18.5457	97.1195	0.018615	1	558	0.09718	0.0898854	0	830
145	18.5431	97.2718	0	1	663	0.127365	0.0929916	0	442
150	18.5396	97.0058	0.0113568	1	740	0.100321	0.10772	0	1522
80	18.5384	97.0202	0.0232594	1	558	0.109439	0.100321	0	1435
80	18.5384	97.02	0.022106	1	740	0.130356	0.0723633	0	1435
175	18.5381	97.2174	0.00458445	1	663	0.0979768	0.115266	0	856
235	18.5381	97.138	0.0186493	1	558	0.134361	0.137047	0	843
175	18.5371	97.1989	0.00591239	1	740	0.118489	0.109667	0	1154
160	18.5229	97.1674	0.00800058	1	558	0.117678	0.105684	0	919
145	18.5131	97.1388	0.0130779	1	740	0.0841745	0.188578	0	832
200	18.5122	97.1467	0.00602263	1	530	0.095384	0.0870186	0	981
140	18.5118	97.2092	0.0157684	1	558	0.0963526	0.0847369	0	1227
85	18.5052	97.0409	0.0139717	1	558	0.0953193	0.103773	0	1238
40	18.5045	97.1341	0.00654452	1	558	0.108695	0.0792028	0	816
45	18.5023	97.1328	0.0470646	1	740	0.130082	0.0805629	0	816
90	18.5018	97.1356	0.0466931	1	558	0.0922511	0.0598353	0	816
120	18.4916	97.1451	0.0210255	1	740	0.0911369	0.0685148	0	851
190	18.4853	97.1341	0.0137674	1	530	0.094972	0.0643578	0	808
280	18.4758	97.2176	0.00750441	1	530	0.0794172	0.0750344	0	948
75	18.4718	97.1583	0.00603973	1	530	0.0931868	0.10527	0	860
80	18.467	97.1953	0.00603122	1	530	0.125905	0.0794172	0	827
95	18.4542	97.2157	0.0527028	1	530	0.149453	0.099495	0	890
110	18.4531	97.1804	0.00634459	1	747	0.0953263	0.126988	0	876
50	18.4493	97.0096	0.0276593	1	558	0.121288	0.120845	0	1099
185	18.4436	97.1377	0.0481008	1	530	0.125513	0.0772503	0	904
140	18.4347	97.1338	0.0124574	1	530	0.0858873	0.0797059	0	894
85	18.4296	97.138	0.0119296	1	530	0.0523999	0.119083	0	898
215	18.4274	97.1304	0.0251737	1	530	0.064863	0.0581166	0	898
70	18.4181	97.2884	0.00732891	1	138	0.101728	0.0712532	0	928
70	18.4178	97.2617	0.00942778	1	138	0.085092	0.101305	0	889
115	18.4126	97.2906	0.00619029	1	138	0.106966	0.106197	0	1008
55	18.4083	97.0013	0.00931971	1	740	0.0824289	0.10932	0	991
175	18.4085	97.2679	0.00749442	1	138	0.0732095	0.0917387	0	851
40	18.4066	97.3298	0.0352448	1	565	0.115174	0.0801301	0	743
90	18.3963	97.3149	0	1	138	0.148358	0.161499	0	973
35	18.3872	97.3358	0.0191459	1	565	0.117924	0.116198	0	712
50	18.3811	97.3574	0.01095	1	145	0.126283	0.0949712	0	985
140	18.3801	97.2981	0.0195795	1	138	0.0945916	0.132453	0	844
90	18.3792	97.2242	0.0249066	1	1027	0.124385	0.0869633	0	907
110	18.3715	97.231	0.00700266	1	453	0.113125	0.109387	0	999
130	18.3712	97.2461	0.00548015	1	453	0.151964	0.0896997	0	1000
130	18.3691	97.3669	0.0189759	1	194	0.151881	0.112436	0	788
123	18.3679	97.2649	0.00734325	1	453	0.0724862	0.149067	0	997
80	18.3581	97.2385	0.010695	1	453	0.121618	0.0965407	0	1309
50	18.3537	97.3715	0	1	194	0.0962091	0.0740455	0	836
60	18.3467	97.3693	0.0198831	1	936	0.0706949	0.146163	0	781
70	18.3437	97.1825	0.0157088	1	138	0.0997771	0.133225	0	921
60	18.3395	97.3343	0.00267355	1	607	0.0847369	0.13013	0	564
75	18.3381	97.2042	0.0203847	1	138	0.0556839	0.0926879	0	906
85	18.3373	97.317	0	1	138	0.109982	0.111529	0	469
110	18.3371	97.1746	0.004551	1	138	0.11574	0.110975	0	883
135	18.3345	97.3817	0	1	145	0.0754089	0.0662373	0	898
80	18.3316	97.223	0.0206496	1	635	0.0901871	0.11297	0	1016
60	18.3309	97.193	0.0186067	1	194	0.0862276	0.104865	0	958
215	18.3275	97.1627	0.015013	1	138	0.0834444	0.120698	0	895
125	18.3236	97.41	0.0124956	1	152	0.0943449	0.0854013	0	560
135	18.3232	97.2687	0.0112347	1	453	0.0834029	0.0695476	0	901
105	18.32	97.2273	0.0130751	1	194	0.10079	0.112018	0	954
135	18.3159	97.1913	0.0140807	1	138	0.0883838	0.141521	0	962
135	18.3151	97.1729	0.0229779	1	138	0.0862414	0.0810489	0	912
110	18.305	97.2754	0.00885678	1	936	0.09006	0.103877	0	1014
65	18.3032	97.328	0.00591566	1	936	0.0924785	0.119781	0	271
165	18.3026	97.1815	0.0130651	1	635	0.124117	0.117881	0	951
130	18.2998	97.4073	0	1	194	0.118856	0.0920348	0	783
60	18.297	97.4232	0.00674288	1	579	0.0938882	0.121457	0	671
30	18.2966	97.3086	0.00799136	1	936	0.0870151	0.147902	0	671
100	18.2965	97.3541	0.0348576	1	138	0.0832009	0.0857287	0	274
155	18.2906	97.3634	0.0328767	1	138	0.109667	0.13556	0	575
120	18.2899	97.2884	0.0152253	1	936	0.0811786	0.0957317	0	1010
135	18.2677	97.3189	0.0079523	1	936	0.0979605	0.104039	0	480
225	18.2669	97.3698	0.0152207	0	13494	0.0884813	0.0951936	0	144
105	18.267	97.3427	0.00874693	1	138	0.0661229	0.0884014	0	506
180	18.2627	97.351	0.0211285	1	138	0.120219	0.150115	0	312
205	18.2535	97.3727	0.0233642	1	138	0.13556	0.137231	0	291
85	18.2498	97.3689	0.0231584	1	145	0.0604827	0.0831094	0	117
115	18.248	97.4612	0.01272	1	208	0.10772	0.113823	0	607
170	18.2442	97.3764	0.0400936	1	138	0.102361	0.112461	583	205
105	18.243	97.3048	0.0197746	1	936	0.102162	0.116377	0	821
145	18.2427	97.4369	0.00883783	1	208	0.0872671	0.122089	0	657
80	18.2336	97.398	0.0175651	1	600	0.103505	0.0690535	0	526
115	18.2303	97.4429	0	1	138	0.123617	0.0669596	0	774
90	18.2302	97.3583	0.0140499	1	138	0.122821	0.127633	0	474
180	18.2191	97.3828	0	1	138	0.107061	0.109632	0	122
300	18.2177	97.452	0.0131411	1	138	0.112444	0.133387	0	797
155	18.2153	97.3335	0.0097307	1	194	0.0937165	0.102957	0	972
315	18.2084	97.3911	0.062485	1	138	0.103093	0.0813638	619	173
60	18.2078	97.2385	0.00465071	1	810	0.106888	0.0855082	0	802
175	18.1993	97.4232	0.026582	1	586	0.0663557	0.0998621	0	603
200	18.1889	97.3596	0.023753	1	194	0.121861	0.127381	0	403
155	18.189	97.4674	0.0349752	1	208	0.130883	0.0751628	0	557
155	18.1869	97.4668	0.0111627	1	208	0.119696	0.134432	0	557
65	18.1672	97.5574	0.0265114	1	600	0.119379	0.0824289	0	512
100	18.1868	97.3994	0.0159687	1	138	0.0687739	0.0694376	0	191
120	18.1654	97.4072	0.02186	1	138	0.171824	0.148266	0	137
140	18.1626	97.2519	0.00410138	1	810	0.116882	0.112815	0	411
110	18.1565	97.4768	0.0353513	1	208	0.0712734	0.0814212	0	418
110	18.1568	97.4718	0.0322321	1	208	0.0745613	0.0900228	0	418
100	17.8872	97.6371	0.00588077	1	446	0.0851031	0.0939936	0	284
120	18.1515	97.36	0.010653	1	565	0.0789051	0.123617	0	271
55	18.1492	97.5381	0.0296187	1	621	0.0797059	0.133762	587	530
90	18.1469	97.5946	0.0174842	1	243	0.0971708	0.127067	0	572
75	18.1421	97.4857	0.0886382	1	621	0.097058	0.102162	400	394
85	18.1382	97.6403	0.00720981	0	13494	0.119501	0.0798224	0	440
145	18.1374	97.549	0.038184	1	243	0.0959694	0.114434	591	549
150	18.1386	97.3838	0.0753425	1	565	0.0712532	0.110835	802	214
140	18.1362	97.4916	0.00949672	1	243	0.101979	0.147387	400	351
150	18.1356	97.5196	0.0894604	1	243	0.099674	0.1095	408	400
190	18.1434	97.4171	0.0213102	1	138	0.103779	0.14257	0	131
160	18.134	97.4476	0.0231866	1	600	0.0939936	0.109172	0	412
140	18.124	97.3849	0.0232939	1	565	0.0949256	0.0833838	0	151
85	18.1228	97.4915	0.0655152	1	243	0.0907534	0.0984601	405	384
205	18.1198	97.3922	0.0116689	1	208	0.12042	0.0758545	0	200
185	18.1192	97.4775	0.0249066	1	243	0.133201	0.120893	0	648
170	18.1173	97.5099	0.0587084	1	243	0.100548	0.164552	802	386
90	18.1092	97.3895	0.0245137	1	565	0.145003	0.0725259	0	174
125	18.1092	97.3547	0.00205796	1	565	0.0865148	0.105036	0	203
165	18.1038	97.4754	0.0119119	0	13494	0.133595	0.0763634	0	588
250	18.1019	97.4751	0	1	243	0.0883476	0.0718271	0	588
100	18.0945	97.4072	0	0	13494	0.0799073	0.105523	0	179
145	18.091	97.4065	0.0137129	1	208	0.137362	0.103351	0	161
210	18.0881	97.362	0.0113911	1	565	0.107586	0.0671066	0	205
140	18.0806	97.2681	0.016439	1	810	0.114308	0.141279	0	289
250	18.079	97.402	0.00430985	1	208	0.0883006	0.0966129	0	138
55	18.0795	97.2674	0.0156024	1	810	0.0513436	0.0897821	0	289
115	18.0737	97.5312	0.0684932	1	257	0.100094	0.0885574	413	334
60	18.0619	97.2544	0.0141514	1	810	0.0772503	0.135768	0	184
185	18.0612	97.3922	0.00853361	1	208	0.120698	0.0863848	0	133
55	18.0593	97.5392	0	1	621	0.0733143	0.0962024	0	396
200	18.0562	97.4956	0.0169742	1	257	0.100978	0.053351	0	583
80	18.0498	97.4991	0	0	13494	0.0938092	0.0893516	0	530
70	18.046	97.5058	0.0105374	1	635	0.0683067	0.104604	586	680
120	18.0432	97.382	0.00679499	1	565	0.121313	0.0812454	0	106
70	18.041	97.4976	0.0747198	1	264	0.0985347	0.0840294	400	503
100	18.0396	97.5989	0.00829423	1	621	0.117395	0.127085	0	471
205	18.0347	97.2557	0.00784339	1	810	0.0892906	0.0780581	0	176
115	18.0337	97.3851	0.0218612	1	565	0.102538	0.154009	0	137
295	18.0332	97.4493	0.0124533	1	285	0.096004	0.0906082	0	221
100	18.025	97.5049	0.00913242	1	621	0.0937667	0.0750117	0	572
60	18.025	97.5179	0.0661313	1	439	0.120109	0.0714134	406	484
65	18.0184	97.5668	0.00454064	1	635	0.13734	0.0968225	0	287
270	18.0175	97.3629	0.0195695	1	208	0.122135	0.0900991	0	135
130	18.0161	97.4221	0.0108792	1	936	0.0753329	0.0953263	0	62
95	18.0157	97.5444	0.0128316	1	621	0.105706	0.0740138	0	308
115	18.0151	97.6174	0.0476474	1	257	0.0792271	0.137915	0	554
65	18.0117	97.2202	0.00805802	1	768	0.0713346	0.112342	0	297
50	18.0101	97.6336	0.0534002	1	621	0.164431	0.117351	0	476
245	18.0068	97.4185	0.0185548	1	285	0.115029	0.0762748	0	72
180	18.0055	97.5172	0.00559128	1	635	0.133032	0.105567	0	628
100	17.9998	97.5689	0.0516925	1	264	0.113237	0.0975159	0	216
220	18.0027	97.472	0.0176237	1	285	0.118165	0.0621392	0	421
310	18.0024	97.3644	0.00912584	1	208	0.0863848	0.0791145	0	98
100	17.9959	97.5231	0.00484275	1	271	0.112761	0.130082	0	646
180	17.9933	97.283	0.00898271	1	439	0.0923435	0.141644	0	107
205	17.9879	97.5577	0.0699505	1	418	0.0889342	0.112761	405	316
90	17.9813	97.5591	0.0472367	1	446	0.0963558	0.136014	586	341
90	17.978	97.5602	0.0761035	1	418	0.116565	0.0981624	401	341
55	17.9779	97.2348	0.0410959	1	460	0.0788689	0.12994	988	173
115	17.9736	97.3563	0.0124533	1	768	0.0885574	0.117598	0	106
85	17.9708	97.6589	0.0140482	1	740	0.0916593	0.119728	0	379
280	17.9662	97.3825	0.0294234	1	439	0.091236	0.152955	0	237
210	17.9652	97.4447	0.010744	1	285	0.0929709	0.0816884	0	100
150	17.9636	97.5811	0.0391389	1	446	0.118191	0.0868453	590	190
145	17.961	97.4863	0.011912	1	285	0.062574	0.0616302	0	467
100	17.9606	97.5887	0.0720981	1	418	0.0895006	0.106463	409	312
75	17.9592	97.6167	0.0304414	1	446	0.123371	0.0763558	586	665
260	17.9517	97.4062	0.022038	1	285	0.0661772	0.100532	0	104
225	17.9515	97.5577	0.0205479	1	502	0.0833838	0.0905643	804	550
260	17.9498	97.3434	0.00695434	1	439	0.0777426	0.0561408	0	96
105	17.9484	97.5952	0.00842224	1	446	0.0737645	0.102772	0	170
145	17.9436	97.407	0.00595593	1	285	0.0966523	0.0877096	0	104
90	17.9331	97.3378	0	1	439	0.109952	0.0948149	0	92
98	17.9279	97.6106	0.0273973	1	446	0.131912	0.109179	590	271
90	17.925	97.5993	0.0842993	1	565	0.0831575	0.103332	0	269
270	17.9271	97.5878	0.0391389	1	446	0.100787	0.1082	0	515
140	17.9167	97.3507	0.0144196	1	439	0.123805	0.0903231	0	131
240	17.9155	97.2905	0.014944	1	439	0.0945766	0.16361	803	114
395	17.915	97.3681	0.00456621	1	439	0.0791664	0.18325	0	203
50	17.9122	97.6068	0.0684932	1	418	0.0838502	0.123574	406	202
90	17.9097	97.3392	0.0129565	1	439	0.0824498	0.1335	0	75
75	17.9067	97.5943	0	1	446	0.0669225	0.0748545	0	631
330	17.8976	97.3531	0.0111943	1	439	0.117881	0.0930592	0	161
110	17.897	97.3178	0.10274	1	439	0.0877008	0.080027	988	112
480	17.8864	97.275	0.00598884	1	439	0.0869755	0.101894	0	90
130	17.8937	97.2697	0.0328767	1	439	0.0955926	0.0834282	0	78
95	17.8936	97.2623	0.00761947	1	768	0.0896561	0.0753636	0	149
100	17.8819	97.3971	0.0382287	1	285	0.0911517	0.108947	0	114
260	17.8813	97.4123	0.0094262	1	285	0.110142	0.110123	0	80
325	17.8807	97.2672	0.0184733	1	936	0.0803904	0.100093	0	93
180	17.8799	97.2677	0.00579341	1	439	0.101763	0.0796272	0	93
95	17.8726	97.2402	0.00796964	1	439	0.0820472	0.0921618	0	536
115	17.8707	97.6257	0.0456621	0	13494	0.148997	0.0851983	0	333
250	17.8542	97.2814	0.0249066	1	439	0.118513	0.093316	0	80
240	17.8508	97.3422	0.0255868	1	439	0.122918	0.130365	0	159
115	17.8505	97.6238	0.00766318	1	446	0.110913	0.079869	0	415
85	17.8479	97.3443	0.0684932	1	439	0.0839218	0.101541	0	159
135	17.8414	97.3308	0.0119119	1	439	0.0951593	0.117078	0	111
215	17.8363	97.3397	0.0121181	1	439	0.0748545	0.130879	0	227
305	17.8276	97.397	0.0334113	1	369	0.070892	0.107647	0	163
150	17.824	97.4486	0.0524628	1	593	0.0743094	0.165093	0	78
115	17.8205	97.2769	0.0144196	1	775	0.0673763	0.0899442	0	115
245	17.8158	97.3328	0.0262051	1	439	0.0948096	0.116359	0	211
295	17.8925	97.5112	0.0883783	1	285	0.103027	0.0822974	0	332
280	17.8079	97.3988	0.0963978	1	369	0.0577894	0.0852557	0	108
80	17.805	97.2731	0.0031701	1	768	0.10144	0.094972	0	182
165	17.8022	97.2517	0.0164384	1	439	0.197289	0.0789341	0	531
175	17.7981	97.5525	0.00943262	1	285	0.0974774	0.152988	0	201
250	17.7924	97.41	0.0260552	1	600	0.0834393	0.102331	0	101
300	17.7833	97.2967	0.0342466	1	439	0.0921846	0.0835073	0	123
60	17.7796	97.3434	0.0980171	1	411	0.133762	0.0796479	0	268
140	17.7788	97.2895	0.0353574	1	411	0.119364	0.11258	0	54
255	17.7771	97.5572	0.19726	1	285	0.133445	0.110772	0	189
280	17.7738	97.4076	0.0112297	1	369	0.107007	0.100978	0	97
170	17.7602	97.3366	0.00263215	1	411	0.0878285	0.0854491	0	216
125	17.7568	97.532	0.0224987	1	285	0.121235	0.176662	0	69
325	17.7551	97.4443	0.0195695	1	369	0.0901683	0.116551	0	64
65	17.747	97.1933	0.0402901	1	411	0.0918015	0.121461	0	433
130	17.7457	97.2857	0.0070608	1	614	0.0770757	0.0661772	0	70
80	17.7439	97.5333	0.00872572	1	285	0.0763267	0.0876024	0	76
525	17.7396	97.4162	0.00913242	1	369	0.120845	0.153452	0	91
80	17.7396	97.2423	0.0329282	1	411	0.0796479	0.0627349	0	267
680	17.7358	97.4679	0.0136986	1	369	0.0922943	0.0861598	0	52
175	17.7362	97.5483	0.142694	1	285	0.119083	0.0853134	0	102
115	17.7336	97.7106	0	1	852	0.0971226	0.104361	0	540
275	17.728	97.4382	0.0104136	1	369	0.0939973	0.0959694	0	87
75	17.7253	97.229	0.0380518	1	614	0.12157	0.0769165	0	499
150	17.7244	97.551	0.00783615	1	285	0.0645804	0.083034	0	89
50	17.7198	97.2546	0.00856164	1	614	0.165153	0.115022	0	263
275	17.7171	97.4894	0.0365297	1	369	0.1475	0.130883	0	53
965	17.7144	97.4448	0.0379791	1	369	0.0813257	0.11883	0	65
355	17.7133	97.3406	0.0265135	1	411	0.0984347	0.0840829	0	156
210	17.7126	97.5617	0.00732583	1	614	0.143863	0.158382	0	102
105	17.7063	97.49	0.0258404	1	593	0.13013	0.0955086	0	52
360	17.7032	97.58	0.0805802	1	306	0.1216	0.0997434	0	168
60	17.7017	97.7293	0.0148322	1	852	0.0906128	0.103209	0	703
25	17.6947	97.7084	0.0410959	0	13494	0.104085	0.0801546	0	248
280	17.6904	97.5971	0.0842993	1	306	0.086437	0.0880874	0	135
100	17.6889	97.3596	0.00884279	1	411	0.0962024	0.0871854	0	344
625	17.6874	97.5298	0.0274775	1	922	0.0922106	0.103047	0	46
115	17.6836	97.748	0.0171742	1	852	0.0553396	0.062574	0	636
260	17.6797	97.5385	0.0622665	1	306	0.0585827	0.13502	0	53
290	17.6779	97.5834	0.0042487	1	306	0.0995323	0.100522	0	92
1100	17.6777	97.4586	0.0120933	1	369	0.12998	0.101585	0	70
240	17.6774	97.5239	0.0305416	1	369	0.0695628	0.111589	0	40
340	17.6747	97.288	0.0318017	1	411	0.0957125	0.0859187	0	43
215	17.6746	97.3231	0	1	411	0.18325	0.0689169	0	71
410	17.6701	97.5406	0.080491	1	306	0.0865127	0.116882	0	56
30	17.6701	97.7539	0	0	13494	0.079869	0.116565	0	620
95	17.6695	97.1998	0.0479452	1	411	0.0890952	0.0867685	0	424
100	17.6641	97.3243	0.0288392	1	411	0.0912837	0.0819106	0	67
130	17.6612	97.2364	0.0608828	1	411	0.0672139	0.108579	0	214
300	17.6522	97.572	0.0187714	1	306	0.0886259	0.144813	0	62
470	17.6478	97.4773	0.00184851	1	376	0.0892881	0.113125	0	54
210	17.654	97.5291	0.0144903	1	936	0.0716204	0.077464	0	38
790	17.6497	97.2838	0.0333164	1	411	0.115868	0.0695608	0	48
85	17.6491	97.7487	0.0186662	1	817	0.0877141	0.0808065	0	243
120	17.6469	97.5683	0.00734276	1	306	0.1337	0.0984347	0	56
230	17.6451	97.5941	0.00833616	1	726	0.0928716	0.0725649	0	105
200	17.6449	97.3071	0.0376041	1	411	0.111012	0.0985931	0	50
135	17.6345	97.5351	0.00942187	1	936	0.0766071	0.121861	0	37
335	17.6334	97.5298	0.0310855	1	369	0.0763132	0.0610832	0	43
140	17.6304	97.2672	0.0119119	1	411	0.0895368	0.0792098	0	29
235	17.6276	97.5437	0.0026539	1	614	0.0627756	0.103685	0	43
185	17.627	97.5121	0.0227307	1	369	0.0744995	0.0959223	0	43
365	17.6209	97.264	0.0105067	1	411	0.0847048	0.142683	0	28
65	17.6204	97.8179	0.016116	0	13494	0.105869	0.0913416	0	505
50	17.6118	97.7757	0.100457	0	13494	0.135874	0.107823	0	602
190	17.6109	97.2745	0.019135	1	411	0.0853683	0.0553396	0	95
245	17.6105	97.5861	0.00869666	1	726	0.110772	0.0812779	0	52
205	17.6077	97.6065	0.0198369	1	726	0.130365	0.164431	0	200
90	17.6046	97.2916	0.00810528	1	411	0.0876195	0.130536	0	97
250	17.5938	97.5577	0	1	306	0.155993	0.0737645	0	39
555	17.5903	97.5497	0.0238762	1	929	0.105764	0.102258	0	34
215	17.5891	97.5741	0.0438566	1	306	0.071805	0.104902	0	38
210	17.5867	97.2501	0.0221076	1	411	0.0740138	0.100605	0	28
290	17.5789	97.5103	0.0124946	1	369	0.130465	0.0968845	0	45
490	17.5788	97.5706	0.0109913	1	929	0.135768	0.0649272	0	36
165	17.5781	97.6365	0.0483481	1	306	0.106718	0.144207	0	61
350	17.5765	97.6305	0.0103419	1	306	0.138579	0.0865127	0	61
375	17.5749	97.623	0.00547945	1	306	0.0659632	0.0749337	0	38
140	17.5695	97.7269	0.0913242	1	894	0.0843583	0.104904	0	126
155	17.5613	97.6682	0.0322818	1	915	0.0981624	0.129791	0	128
165	17.5519	97.219	0.0118969	1	411	0.102371	0.0884378	0	51
105	17.5479	97.7347	0.0106939	1	908	0.104361	0.116662	0	30
435	17.5473	97.6605	0.00470717	1	908	0.0983907	0.0878285	0	61
225	17.5468	97.7464	0.00374548	1	894	0.100945	0.128771	0	63
130	17.5428	97.7819	0.0174059	1	894	0.116377	0.109456	0	391
70	17.5344	97.6768	0.0136014	1	908	0.0686924	0.160849	0	71
575	17.5316	97.6224	0.014725	1	306	0.120332	0.0584151	0	36
145	17.5158	97.7447	0.0127872	1	908	0.0797792	0.134894	0	25
650	17.5159	97.5136	0.0119279	1	369	0.0808065	0.137859	0	72
325	17.5126	97.6362	0.0110254	1	915	0.09638	0.0656088	0	30
425	17.5086	97.5203	0.000268109	1	369	0.0955007	0.0892906	0	60
425	17.5083	97.6206	0.0195549	1	929	0.0792098	0.102644	0	29
355	17.5062	97.5632	0.0347302	1	369	0.0972007	0.135414	0	51
260	17.5014	98.0112	0.0155837	1	243	0.0894869	0.0752289	0	168
190	17.4984	97.8029	0	0	13494	0.05778	0.109733	0	165
50	17.4944	97.7667	0	0	13494	0.0928079	0.0806102	0	55
230	17.4925	98.0065	0.0118643	1	243	0.0959223	0.0813826	0	135
260	17.4914	97.5279	0	1	376	0.107552	0.141729	0	71
400	17.4918	97.8142	0.011124	1	852	0.106259	0.0697772	0	176
350	17.482	97.7326	0.0165004	1	908	0.0920348	0.112746	0	42
200	17.481	97.6315	0.00517631	1	908	0.0893516	0.10781	0	36
150	17.4781	97.6571	0.0197681	1	908	0.0809461	0.0928014	0	24
785	17.4733	97.6101	0.0112381	1	908	0.115505	0.0690826	0	32
505	17.4728	97.5382	0.00789938	1	369	0.155756	0.0832009	0	82
135	17.4664	97.9539	0.0136986	1	243	0.104005	0.0796433	0	489
105	17.4613	97.8855	0.00944733	1	453	0.123295	0.0817726	0	64
130	17.4599	98.0331	0.0131052	1	243	0.0813826	0.086437	0	156
120	17.4594	97.9237	0.00270132	1	453	0.127469	0.0753329	0	385
110	17.4576	97.6533	0.0110244	1	908	0.133359	0.0849224	0	34
150	17.4453	97.917	0.0321717	1	509	0.0913046	0.0917215	0	315
290	17.4291	97.6415	0.0470969	1	908	0.0669596	0.0937498	0	26
240	17.4265	97.9564	0	1	243	0.0991244	0.112341	0	453
150	17.4267	98.0467	0	1	243	0.0968247	0.101397	0	202
200	17.4088	98.0042	0	1	243	0.0754502	0.125142	0	515
245	17.4062	97.9738	0	1	243	0.0948897	0.113674	0	605
275	17.4056	98.0168	0	1	243	0.103567	0.143153	0	448
200	17.3929	97.9301	0.0314141	1	243	0.130536	0.149453	0	586
105	17.3904	98.008	0.0119284	1	243	0.074406	0.107586	0	578
350	17.3866	97.6561	0.0128481	1	908	0.072725	0.0778116	0	23
160	17.3844	97.991	0.00332858	1	243	0.0627346	0.0695628	0	761
75	17.3786	98.0269	0.0178013	1	243	0.0607555	0.0919357	0	376
190	17.3782	97.9259	0.0103429	1	236	0.0757746	0.0768056	0	530
310	17.3558	98.0669	0.0387845	1	180	0.135966	0.0761786	0	267
140	17.3552	98.046	0	1	243	0.0965407	0.11467	0	504
425	17.3539	97.8929	0	0	13494	0.0956308	0.0907534	0	99
200	17.3321	98.0718	0.013553	1	187	0.096324	0.104511	0	318
465	17.3179	97.9031	0.0139308	1	992	0.087338	0.0854614	0	122
135	17.3039	98.0974	0.0179176	1	404	0.151554	0.106107	0	235
300	17.2988	97.9301	0	0	13494	0.0769165	0.0812168	0	175
1130	17.2908	97.814	0	0	13494	0.0776217	0.0954955	0	27
190	17.2894	98.1247	0.00913323	1	180	0.0650456	0.0934058	0	187
570	17.2766	97.9458	0	0	13494	0.103561	0.129376	0	147
265	17.2754	98.1424	0.00457061	1	187	0.0627263	0.0948897	0	167
525	16.9558	98.3084	0.00480654	1	642	0.100546	0.11806	0	269
330	17.2562	98.1561	0.00898395	1	243	0.071494	0.0716204	0	152
360	17.2401	97.838	0.00637146	0	13494	0.0716555	0.138579	0	52
300	17.2384	98.149	0.00415474	1	180	0.102859	0.115505	0	195
330	17.237	97.928	0	0	13494	0.140258	0.154576	0	73
325	17.2326	98.2049	0	1	180	0.0653771	0.0791141	0	131
535	17.2284	98.1651	0.0160193	1	180	0.0810489	0.074163	0	177
360	17.2206	97.9811	0	1	432	0.12307	0.0979521	0	79
1000	17.2166	98.2193	0.0203541	1	180	0.109733	0.148997	0	157
195	17.2112	98.1496	0.00879008	1	411	0.109364	0.104612	0	196
380	17.1966	98.0012	0.0111482	1	432	0.160849	0.134292	0	85
360	17.1966	98.0012	0.00472367	1	432	0.0780557	0.0986589	0	85
485	17.1888	98.1605	0.001553	1	243	0.0926033	0.124102	0	182
565	17.1847	98.002	0.0172427	1	432	0.0838645	0.107891	0	62
900	17.1795	97.8562	0.0105975	1	922	0.095427	0.0693706	0	19
1400	17.1779	97.8411	0.0235954	1	929	0.074163	0.0568567	0	20
290	17.1776	97.9333	0	0	13494	0.107434	0.0859964	0	81
1005	17.1717	97.8935	0.0125624	1	922	0.0860946	0.0675612	0	38
360	17.1651	98.0158	0.0273177	1	432	0.141521	0.0693556	0	89
295	17.1482	97.9858	0	1	432	0.111529	0.0782976	0	28
560	17.1478	98.1862	0.0233168	1	117	0.0945878	0.0659433	0	207
225	17.1438	97.9927	0	1	432	0.102319	0.102523	0	40
240	17.1377	98.0002	0.00700537	1	432	0.0796745	0.0939923	0	34
405	17.1349	98.0187	0	1	432	0.0988458	0.125891	0	53
420	17.1025	98.3131	0.00876223	1	117	0.0979521	0.084475	0	167
110	17.1327	98.1925	0.0053776	1	138	0.0738732	0.0807245	0	206
70	17.1315	98.0112	0.00855982	1	432	0.0718752	0.107738	0	28
225	17.1281	98.1908	0.0136986	0	13494	0.0621675	0.120332	0	206
300	17.1168	98.1932	0.00335832	1	117	0.0988532	0.113334	0	256
550	17.1076	97.9405	0.0113019	1	838	0.0900991	0.0981243	0	45
275	17.0903	97.95	0.0282052	1	838	0.108579	0.13196	0	39
1125	17.0899	97.9759	0.00464761	1	838	0.0726645	0.0710851	0	29
650	17.0897	97.9888	0.0116559	1	838	0.0779384	0.0912408	0	39
210	17.0832	97.9847	0.0443069	1	838	0.0801912	0.0770757	0	17
400	17.0766	97.9903	0.029658	1	838	0.141773	0.107061	0	15
550	17.0761	98.0428	0.00456621	1	838	0.116057	0.0540359	0	41
115	17.0747	98.2727	0	0	13494	0.0709889	0.111934	0	396
200	17.0677	97.9962	0.00903399	1	838	0.078636	0.0896173	0	14
590	17.0608	98.0127	0.00634636	1	838	0.135414	0.120368	0	28
365	17.1344	98.2839	0.0058292	1	138	0.113425	0.106123	0	145
220	16.9491	98.2922	0.0205479	1	250	0.0518847	0.14401	0	254
110	17.047	98.3589	0.00220678	1	124	0.105567	0.143367	0	258
205	17.0215	98.4456	0.00996264	0	13494	0.0734548	0.0977896	0	183
445	17.0087	98.4522	0.0409391	1	117	0.14401	0.114103	0	173
370	16.9973	98.2716	0.0140499	1	159	0.127067	0.122533	0	275
245	16.9768	98.2896	0.00608828	1	159	0.120259	0.171824	0	270
235	16.9674	98.4755	0.00386549	1	649	0.114311	0.0922717	0	183
825	16.9579	98.49	0	1	117	0.0736953	0.105068	0	178
280	17.2618	98.1295	0.00906133	1	180	0.06858	0.0854215	0	234
190	16.9434	98.3174	0.0156556	1	481	0.0989634	0.0933252	0	262
415	16.9227	98.4594	0.00637146	0	13494	0.0938774	0.0796745	0	243
385	16.9277	98.3514	0.0657534	1	250	0.0816541	0.0513436	0	275
400	16.9227	98.4594	0.0106412	1	138	0.144525	0.110689	0	243
215	16.9435	98.2479	0.0666733	1	159	0.116198	0.155993	0	449
525	16.9118	98.3291	0.0205479	1	117	0.143153	0.0650456	0	254
200	16.9039	98.4638	0.00486415	1	201	0.0912562	0.074406	0	259
400	16.9027	98.2657	0.00347884	1	159	0.0876024	0.0729482	0	289
380	16.9192	98.4906	0.00498132	1	117	0.0749017	0.11461	0	181
1030	16.898	98.2991	0.0126449	1	117	0.0723633	0.118489	0	238
655	16.8894	98.2732	0.00913242	1	117	0.117598	0.102527	0	327
300	16.8646	98.3611	0.0140499	1	159	0.103877	0.113356	0	236
425	16.8838	98.515	0.0123106	1	152	0.093235	0.0724862	0	184
400	16.8778	98.115	0.011107	1	320	0.102814	0.0852715	0	42
120	16.8682	98.2839	0	1	117	0.103127	0.130749	0	287
600	16.8514	98.1175	0.0818317	1	320	0.117371	0.0801907	0	17
200	16.8255	98.0993	0.0153077	1	320	0.0926879	0.0653771	0	13
150	16.8677	98.1184	0	1	320	0.154343	0.0886152	0	28
970	16.8688	98.3386	0.014171	1	159	0.0725649	0.0969836	0	248
245	16.8675	98.1184	0	1	320	0.156715	0.0981025	0	21
150	16.8677	98.1184	0.00456621	1	320	0.140054	0.086282	0	28
380	16.8314	98.119	0.0590958	1	320	0.0853134	0.0811786	0	14
885	16.8582	98.4774	0.000547945	1	117	0.0659433	0.0518847	0	198
390	16.8565	98.0843	0	1	320	0.125903	0.119364	0	19
50	16.8367	98.3086	0.00702494	0	13494	0.0896173	0.10804	0	276
190	16.8282	98.0922	0.0200368	1	320	0.0685148	0.0937165	0	14
7950	16.8221	98.5356	0.0115776	1	159	0.121782	0.099122	0	189
200	16.8181	98.4464	0.00537201	1	201	0.0943876	0.0935108	0	370
710	16.817	98.3254	0.00547945	1	250	0.0897821	0.105869	0	245
520	16.8151	98.1552	0.014075	1	306	0.0891422	0.133595	0	26
175	16.8136	98.123	0	1	306	0.0970223	0.0915702	0	21
420	16.8116	98.3427	0	1	250	0.0906082	0.0766752	0	219
375	16.8099	98.462	0	0	13494	0.105389	0.0833289	0	227
515	16.6565	98.2059	0	1	117	0.0761786	0.0740356	0	25
380	16.8054	98.4928	0.00595593	1	201	0.0865332	0.0916593	0	207
230	16.8026	98.1427	0.00782477	1	306	0.0995314	0.110308	0	18
150	16.8007	98.1379	0	1	306	0.0789341	0.126283	0	17
215	16.7936	98.4769	0.00761777	1	194	0.0782976	0.0938561	0	199
155	16.8702	98.2844	0.00596694	1	159	0.0861598	0.0944493	0	287
975	16.7826	98.3303	0.0399543	1	250	0.101564	0.118054	0	208
1500	16.7782	98.1786	0	1	411	0.112222	0.056747	0	24
1265	16.7709	98.4806	0.00913242	1	201	0.0950454	0.079899	0	189
1390	16.7705	98.4189	0.0121416	1	201	0.0677836	0.0971226	0	204
285	16.7936	98.4769	0.00608828	0	13494	0.103209	0.106888	0	199
5	16.7682	98.3507	0.0114314	1	250	0.0954453	0.101763	0	213
685	16.768	98.1755	0.034773	1	411	0.112526	0.111646	0	21
380	16.8862	98.4025	0.022214	1	201	0.0955086	0.111027	0	381
460	16.7478	98.1474	0.0204388	1	411	0.0832544	0.0889414	0	19
550	16.749	98.1702	0.0172757	1	411	0.0791145	0.0718553	0	18
310	16.9028	98.5112	0.00480654	1	166	0.0860227	0.0852276	0	177
500	16.7361	98.1787	0.0115642	1	411	0.0969832	0.0954592	0	16
565	16.7527	98.1591	0.0043479	1	411	0.169273	0.0811564	0	21
695	16.7356	98.4427	0.0165349	1	117	0.125142	0.173876	0	254
1050	16.7217	98.1297	0	1	411	0.0996274	0.135403	0	11
395	16.7229	98.345	0.0388948	1	250	0.13521	0.0936577	0	264
855	16.7163	98.3531	0	1	250	0.0768056	0.100491	0	222
490	16.7088	98.1919	0.026449	1	411	0.100874	0.0917478	0	16
490	16.6997	98.182	0.0494401	1	411	0.0693706	0.0929709	0	20
285	16.6821	98.2079	0	1	411	0.131817	0.117405	0	23
515	16.6802	98.2169	0.00956313	1	411	0.0699356	0.0835471	0	25
110	16.5825	98.4431	0.0383562	1	271	0.0898863	0.102628	0	297
1215	16.6687	98.4194	0.00547945	1	117	0.0987109	0.129195	0	213
510	16.6634	98.2145	0.00223542	1	411	0.114632	0.0556839	0	26
445	16.6632	98.2118	0.0130811	1	411	0.0919357	0.103567	0	26
490	16.6595	98.203	0.0230353	1	411	0.0944058	0.113758	0	25
1000	16.6284	98.5031	0	1	117	0.0934058	0.0947097	0	224
615	16.6147	98.5326	0	1	180	0.10738	0.0911158	0	220
1590	16.6489	98.3757	0	1	334	0.0937498	0.0938882	0	238
225	16.5692	98.5433	0.00883783	1	586	0.111093	0.0686292	0	253
225	16.5639	98.2703	0	1	257	0.0864983	0.0779384	0	22
390	16.5583	98.5748	0	1	180	0.0917478	0.0790622	0	227
240	16.5567	98.2766	0	1	257	0.118508	0.0915158	0	26
640	16.5527	98.2658	0	1	257	0.0805068	0.0756953	0	23
215	16.5445	98.2786	0.022214	1	257	0.0943832	0.109401	0	27
565	16.5348	98.2565	0	1	257	0.0951936	0.108623	0	22
400	16.5317	98.2406	0.00850227	1	593	0.188578	0.102594	0	15
140	16.5297	98.2509	0	1	257	0.128319	0.143863	0	18
205	16.5239	98.2856	0	1	257	0.0934064	0.0841783	0	44
280	16.523	98.2563	0	1	257	0.0987627	0.122715	0	25
750	16.5132	98.2415	0.00851552	1	593	0.0752289	0.107647	0	16
865	16.4983	98.2563	0	1	460	0.0668345	0.095384	0	20
970	16.49	98.2355	0.0166999	1	600	0.105964	0.0860946	0	16
1145	16.4891	98.3051	0.0086236	1	593	0.0719136	0.123032	0	63
265	16.487	98.24	0.0233747	1	593	0.107158	0.0748897	0	16
470	16.4829	98.251	0.00729421	1	600	0.0933549	0.0777426	0	18
430	16.4826	98.2092	0.0122601	1	593	0.094857	0.121742	0	12
650	16.482	98.2838	0.0101693	1	593	0.113631	0.101068	0	32
1600	16.4819	98.2837	0.0118675	1	593	0.0690535	0.107673	0	32
225	16.4788	98.22	0.0232526	1	593	0.0598353	0.09638	0	14
400	16.4755	98.2554	0.0325165	1	600	0.0866191	0.0743094	0	26
1500	16.4699	98.2155	0	1	593	0.0814101	0.0877141	0	13
650	16.4687	98.6488	0.00547945	1	152	0.129195	0.0886259	0	241
800	16.4548	98.2275	0.00582475	1	593	0.120993	0.0716032	0	14
400	16.4516	98.2543	0.0197182	1	600	0.104865	0.125905	0	13
680	16.4501	98.2357	0	1	642	0.101305	0.0814101	0	11
300	16.4283	98.2376	0	1	642	0.0940443	0.115174	0	16
95	16.3797	98.541	0.0182648	1	292	0.0988596	0.1475	0	435
370	16.4046	98.6344	0.0058292	1	152	0.0839391	0.0834377	0	246
950	16.3677	98.6528	0.0109589	0	13494	0.0809846	0.0799464	0	250
745	16.3602	98.576	0.00657534	1	117	0.0838886	0.0860096	0	288
280	16.3481	98.8102	0	1	131	0.0656088	0.0924521	0	462
300	16.3439	98.594	0.00913242	1	187	0.079899	0.0967544	0	287
350	16.3408	98.6569	0	0	13494	0.0691147	0.102852	0	250
235	16.3354	98.736	0	1	131	0.116359	0.109685	0	324
300	16.3131	98.7278	0	1	131	0.0908896	0.0789051	0	303
370	16.3076	98.6639	0.00394293	1	145	0.0889137	0.118957	0	258
185	16.3033	98.8509	0.00547945	1	131	0.0812168	0.0860227	0	600
2125	16.2927	98.7145	0.0164384	0	13494	0.0744649	0.113285	0	295
150	16.2841	98.6663	0	1	180	0.11162	0.102174	0	266
415	16.2726	98.6708	0.00516929	1	180	0.0843114	0.0812841	0	277
120	16.2573	98.5928	0.00622665	1	544	0.133387	0.095427	0	386
680	16.2571	98.735	0	1	131	0.0697166	0.0634344	0	312
110	16.1882	98.6055	0.0134238	1	544	0.0792691	0.0803842	0	467
320	16.2103	98.602	0.00456621	1	180	0.152988	0.0809575	0	492
300	16.2059	98.7286	0.00913242	1	397	0.0778456	0.118149	0	336
375	16.2059	98.8465	0.00637146	1	131	0.141729	0.107248	0	615
50	16.2003	98.602	0.00171597	1	572	0.1095	0.114099	0	430
600	16.1878	98.8562	0	0	13494	0.0686292	0.105964	0	587
230	16.174	98.8494	0.022831	1	943	0.128804	0.0918015	0	586
190	16.1429	98.8173	0.0109589	1	670	0.0886027	0.0958143	0	523
95	16.1421	98.8353	0.00652316	1	670	0.114103	0.0944674	0	549
70	16.1251	98.7461	0.0248068	1	670	0.0742661	0.124462	0	592
140	16.0706	98.6445	0.00679378	1	558	0.0891831	0.0766071	0	949
190	16.0454	98.616	0	1	558	0.0698629	0.083021	0	771
405	15.9727	98.484	0.0220704	1	285	0.0755421	0.10177	0	114
120	15.9509	98.52	0.00840731	1	285	0.0871854	0.0887024	0	97
675	15.9402	98.5191	0.0187631	1	285	0.0883211	0.118484	0	82
180	15.9402	98.5192	0.0112891	1	285	0.074172	0.105777	0	82
125	15.9089	98.4383	0.00515457	1	285	0.0868453	0.107007	0	45
240	15.8829	98.4668	0.0084816	1	285	0.0830602	0.0923435	0	57
215	15.8631	98.4965	0.0361633	1	285	0.0944794	0.103837	0	69
435	17.1814	98.2494	0.00109589	1	117	0.108947	0.101564	0	139
350	17.1472	98.2955	0	1	117	0.084649	0.124385	0	146
380	16.9186	98.2584	0.0119224	1	159	0.0922717	0.101944	0	311
1460	16.6059	98.3887	0.00547945	1	117	0.137231	0.130245	0	272
115	16.1564	98.5981	0.00456621	1	152	0.0780938	0.111769	0	472
370	15.5993	98.5059	0.0213336	1	453	0.136662	0.140258	0	434
265	16.935	98.2854	0.0208196	1	159	0.0751628	0.115029	0	282
360	17.0408	98.4225	0.00981041	1	250	0.0718271	0.103561	0	175
270	16.7827	98.4585	0.0392389	1	194	0.0919198	0.0898863	0	244
248	17.4377	98.0543	0.00128526	1	215	0.0671066	0.0715205	0	112
265	16.8903	98.4759	0.00741585	1	201	0.139333	0.123701	0	245
150	16.5134	98.5016	0.0122858	1	201	0.102518	0.123515	0	514
155	16.6082	98.4453	0.0131333	1	208	0.0780581	0.0939973	0	339
95	18.2887	97.3502	0.0178678	1	215	0.0965644	0.146523	0	185
248	17.3601	97.9951	0.0186677	1	243	0.0627349	0.129913	0	651
1110	16.9793	98.4774	0.0386214	1	250	0.0857331	0.108485	0	173
380	16.8586	98.2908	0.0128063	1	250	0.122715	0.121272	0	260
400	16.9907	98.4076	0.0270055	1	250	0.0955129	0.0598616	0	222
265	16.512	98.2575	0.00191404	1	257	0.089872	0.0944058	0	26
150	16.5551	98.2612	0	1	257	0.0994852	0.0743156	0	22
225	15.7815	98.5527	0.0206535	1	299	0.118931	0.107669	0	106
225	15.8048	98.5735	0.00828363	1	299	0.0783689	0.112705	0	159
105	15.8066	98.539	0.0186759	1	299	0.0962152	0.0801912	0	126
455	15.9621	98.4346	0.00484647	1	299	0.0777205	0.112811	0	39
330	15.9598	98.4224	0.00684031	1	299	0.100522	0.0892004	0	39
235	15.962	98.4202	0.00339119	1	299	0.114585	0.156584	0	38
340	15.9583	98.4178	0.00768774	1	299	0.100644	0.103518	0	31
105	15.9528	98.4089	0.00211463	1	299	0.0732704	0.0943449	0	32
225	15.9873	98.4105	0.033178	1	299	0.09053	0.0721386	0	34
135	15.9704	98.4063	0.0119119	1	299	0.0977896	0.0983532	0	35
225	15.9887	98.4046	0.0131566	1	299	0.0911679	0.104617	0	34
150	15.9929	98.415	0.014996	1	299	0.10175	0.109794	0	44
175	16.02	98.4115	0.0228311	1	299	0.0812841	0.136662	0	37
225	15.9696	98.406	0.0398803	1	299	0.0899442	0.117678	0	35
225	16.0731	98.4136	0.00784853	1	299	0.100535	0.0987648	0	243
225	15.9988	98.4142	0.0202873	1	299	0.117405	0.09053	0	44
200	15.8406	98.4532	0.00416443	1	299	0.0713161	0.0867768	0	71
135	15.9277	98.4372	0.00247707	1	299	0.0829205	0.0901871	0	36
130	15.9298	98.4286	0.00520663	1	313	0.0763217	0.0862414	0	35
135	15.9264	98.4576	0.00735205	1	299	0.0922592	0.12414	0	53
300	15.8947	98.4529	0.0395478	1	313	0.12274	0.105389	0	47
120	15.8448	98.544	0.0363574	1	299	0.121272	0.074172	0	132
80	15.8898	98.5344	0.011924	1	299	0.070336	0.122135	0	174
115	15.8565	98.4863	0.00867875	1	306	0.0852557	0.0926604	0	61
210	15.8263	98.5178	0.0102027	1	299	0.0874768	0.119635	0	74
280	15.8437	98.5075	0.00895369	1	299	0.0966551	0.116041	0	75
130	15.8234	98.4775	0.00804683	1	299	0.0912124	0.0970223	0	78
135	15.8896	98.5279	0.0278701	1	299	0.0995975	0.0962152	0	126
280	15.9066	98.4869	0.0145263	1	299	0.0877563	0.0604827	0	65
120	15.9506	98.5186	0.0495913	1	299	0.0859187	0.0943876	0	97
205	16.8109	98.1449	0.00471046	1	306	0.108831	0.0963526	0	18
175	16.8078	98.127	0.00317896	1	306	0.0948149	0.0938092	0	16
230	16.8003	98.1638	0.0179587	1	306	0.128666	0.102312	0	32
530	17.0142	97.8581	0	1	334	0.164552	0.135966	0	8
1225	17.0355	97.8203	0.00215962	1	334	0.0853098	0.0883944	0	16
740	17.0231	97.8702	0.0113991	1	334	0.138889	0.11884	0	8
528	17.0174	97.8525	0.0268488	1	334	0.108247	0.113364	0	13
630	17.0386	97.8118	0.0139936	1	334	0.0695476	0.0843583	0	21
528	17.0315	97.8334	0.0163878	1	334	0.135059	0.0984521	0	11
350	17.0185	97.7982	0.0108652	1	334	0.109633	0.137362	0	29
528	17.0047	97.8758	0	1	334	0.109225	0.106692	0	14
375	16.8313	98.0783	0	1	334	0.123919	0.06858	0	11
150	16.8677	98.1184	0.0336387	1	320	0.0859964	0.0693362	0	28
105	16.8424	98.0751	0.022783	1	320	0.0801678	0.120219	0	11
475	16.8161	98.0519	0.0131835	1	320	0.101397	0.111692	0	8
335	16.8655	98.0831	0.0119147	1	320	0.162324	0.0928079	0	19
650	16.8776	98.0903	0.0175302	1	320	0.152955	0.102518	0	32
750	16.8871	98.0776	0.0418881	1	320	0.0695608	0.141867	0	23
295	16.8723	98.0862	0.0294288	1	320	0.0916159	0.0972953	0	20
190	16.8806	98.0967	0.0112769	1	320	0.112341	0.105187	0	37
240	16.8368	98.1253	0.0133246	1	320	0.0737078	0.0829843	0	21
140	16.8081	98.1465	0.0147084	1	306	0.0854215	0.0810921	0	18
135	16.2677	98.715	0	1	320	0.160344	0.133445	0	311
325	16.856	98.3614	0.0352588	1	348	0.151404	0.126194	0	257
460	16.6171	98.2114	0.0207655	1	411	0.0792076	0.0891422	0	21
550	16.7899	98.1856	0.0144924	1	439	0.0947191	0.151881	0	35
300	16.7807	98.1782	0.000503072	1	411	0.129577	0.0847322	0	24
510	16.7805	98.1627	0.0147477	1	439	0.119811	0.147496	0	23
200	16.7699	98.1617	0.00182298	1	411	0.113363	0.0906146	0	25
350	16.7767	98.183	0.0123988	1	411	0.110326	0.128319	0	26
500	16.7481	98.1882	0.0658393	1	411	0.0981025	0.109606	0	18
60	17.2563	98.1549	0.0021977	1	411	0.086986	0.089872	0	152
90	16.6765	98.2127	0	1	411	0.080027	0.122387	0	23
100	16.6629	98.2097	0.0108586	1	411	0.0757945	0.0895906	0	26
125	17.1851	98.0085	0.0344513	1	432	0.0984601	0.13088	0	89
248	17.3926	97.892	0.00793806	1	453	0.11461	0.095353	0	204
248	17.418	97.8978	0.00781478	1	453	0.0787316	0.0765773	0	91
360	16.9253	98.3572	0.0121324	1	453	0.0892004	0.103779	0	285
528	16.9792	97.8531	7.82E-05	1	481	0.0826844	0.100694	0	13
1000	16.9801	97.8523	0.0454521	1	474	0.112342	0.0915965	0	13
528	16.9842	97.8999	0.010444	1	474	0.0939184	0.109982	0	8
528	16.9141	97.9237	0.0362864	1	467	0.104597	0.139325	0	7
528	17.103	97.8056	0.0176234	1	474	0.0813638	0.0852813	0	13
528	16.9823	97.7353	0.0142016	1	474	0.0827258	0.0807225	0	13
528	16.9141	97.9236	0.00857373	1	467	0.0792709	0.10175	0	7
528	16.9135	97.9283	0.00714785	1	467	0.0848654	0.102667	0	7
528	16.9137	97.9254	0.0246056	1	467	0.100694	0.113631	0	7
100	16.8921	98.0555	0.0181589	1	467	0.16361	0.0657343	0	16
390	16.8973	98.0528	0.00180503	1	467	0.0760276	0.0831676	0	10
65	17.882	97.218	0.0148452	1	551	0.0814652	0.0883838	0	635
200	16.8646	98.0769	0.0109181	1	467	0.0912408	0.112526	0	14
135	16.8858	98.0535	0.0214924	1	467	0.0819106	0.0819424	0	12
275	16.8848	98.0473	0.00832811	1	467	0.100916	0.0706949	0	12
1400	16.8791	98.0486	0.0193342	1	467	0.102523	0.109548	0	11
250	16.8821	98.0454	0	1	467	0.0819604	0.0982154	0	10
400	16.8702	98.0517	0.00741304	1	467	0.134894	0.0950454	0	16
850	16.8496	98.0618	0.016341	1	467	0.103226	0.0933549	0	14
350	16.8361	98.0542	0.0200548	1	467	0.113356	0.104085	0	8
340	16.8378	98.0426	0.0201674	1	467	0.106753	0.110065	0	8
315	16.8455	98.0618	0	1	467	0.0954592	0.114004	0	14
205	16.847	98.0749	0.0169093	1	467	0.153549	0.0955129	0	12
115	16.8328	98.0785	0.0174076	1	467	0.139021	0.131681	0	11
210	16.8545	98.0637	0.0104695	1	467	0.138098	0.0821193	0	16
150	16.8401	98.0649	0	1	467	0.0740356	0.138889	0	9
115	16.8292	98.0819	0.00922642	1	467	0.122446	0.0872562	0	13
528	16.9135	97.9283	0.0333392	1	467	0.0921305	0.103754	0	7
528	17.0641	97.852	0.0136091	1	474	0.0855705	0.0745842	0	10
528	16.9729	97.9079	0.00619676	1	467	0.112705	0.162324	0	8
528	17.0035	97.8248	0.024976	1	474	0.126627	0.077309	0	25
275	17.0183	97.8414	0.00165727	1	474	0.103047	0.0988458	0	10
528	17.0639	97.8592	0.0228041	1	474	0.114565	0.123805	0	11
400	16.4774	98.3054	0.00656768	1	460	0.0741763	0.130465	0	109
150	16.4869	98.2487	0.0079085	1	460	0.0851983	0.0886418	0	16
265	16.9025	98.0368	0.00453326	1	943	0.0812454	0.10079	0	10
1075	16.8994	98.0302	0.001149	1	943	0.135608	0.0747216	0	6
895	16.9027	98.0077	0.00269162	1	943	0.0634344	0.116259	0	8
855	16.9153	98.0194	0.0228888	1	943	0.109279	0.107118	0	12
125	16.9128	98.0328	0.00207712	1	943	0.110942	0.0966523	0	14
455	16.9342	98.028	0.0136903	1	943	0.0759875	0.0922511	0	12
795	16.9236	98.0524	0.00931595	1	943	0.0970595	0.109938	0	22
550	16.9072	98.0438	0.00856965	1	943	0.0978964	0.0672557	0	12
278	16.9347	98.0091	0.0080023	1	929	0.139325	0.0704094	0	11
278	16.9343	97.988	0.00735292	1	929	0.115319	0.0854012	0	14
278	16.9279	97.979	0.0636944	1	929	0.0921618	0.109439	0	11
278	16.9315	97.9635	0.0406239	1	929	0.148266	0.107876	0	11
278	16.9398	98.0092	0.0201583	1	929	0.127427	0.0950252	0	11
278	16.9493	98.0091	0.0124965	1	929	0.124102	0.0718752	0	12
320	16.7928	98.0641	0.0145645	1	656	0.16092	0.088766	0	11
415	16.7991	98.0554	0.00628368	1	663	0.100476	0.105838	0	10
175	16.805	98.0429	0.0111951	1	656	0.0822974	0.120497	0	9
275	16.7762	98.0569	0.007756	1	656	0.084475	0.0941233	0	14
300	16.7947	98.0705	0.00949545	1	656	0.109179	0.124117	0	11
650	16.8055	98.0778	0.00552692	1	656	0.0956261	0.0687739	0	12
440	16.8232	98.0482	0.0267864	1	656	0.103332	0.0994852	0	7
285	16.7733	98.0413	0.00147605	1	656	0.105806	0.15616	0	10
225	16.947	98.0428	0.0096537	1	817	0.0964827	0.0822062	0	19
250	16.9342	98.0411	0.0103258	1	824	0.0826187	0.0877563	0	20
245	16.9821	98.0467	0.0222981	1	915	0.0714134	0.0846434	0	44
115	16.9847	98.0182	0.00432406	1	915	0.0881518	0.119346	0	17
405	16.7594	98.0922	0.0664686	1	852	0.0664113	0.135059	0	16
480	16.7394	98.1042	0.0365996	1	852	0.107669	0.0776217	0	11
730	16.7462	98.1146	0.0256792	1	852	0.0998621	0.118508	0	11
670	16.7511	98.1341	0.0125147	1	852	0.0724662	0.0792271	0	18
255	16.7669	98.081	0.0365386	1	852	0.121432	0.0942915	0	13
315	16.7259	98.0883	0.018305	1	852	0.0852276	0.102859	0	12
195	16.7475	98.1037	0.00795552	1	852	0.0880874	0.0750771	0	13
215	16.7574	98.104	0.0176418	1	852	0.118209	0.0813257	0	13
1108	16.6861	98.4481	0.00853016	1	614	0.0863655	0.0989087	0	225
120	18.2738	97.4158	0.021488	1	138	0.0904492	0.160344	0	631
110	18.2738	97.4158	0.0057395	1	208	0.0816884	0.0840778	0	631
295	18.2605	97.371	0	1	138	0.0872603	0.0964827	0	144
200	18.2663	97.3695	0.00795478	1	320	0.147902	0.121134	0	144
50	18.2421	97.6061	0.0143339	1	453	0.112746	0.0881518	0	191
80	18.3047	97.463	0.0297796	1	453	0.114552	0.0952501	0	145
110	18.2084	97.3911	0.0114082	1	929	0.101973	0.0938267	0	173
155	18.1624	97.478	0.00346852	1	208	0.103754	0.0945916	0	405
110	18.1624	97.478	0.014972	1	621	0.100878	0.128556	0	405
2860	18.1547	97.6733	0.0210748	1	243	0.123574	0.0663557	0	97
2860	18.1551	97.6718	0.0106416	1	243	0.102527	0.120259	0	97
2860	18.1547	97.6733	0.012246	1	243	0.129913	0.0851031	0	97
100	18.1573	97.668	0.0224074	1	243	0.121457	0.141773	0	132
123	18.1515	97.36	0.0312318	1	950	0.116551	0.0857758	0	271
225	18.1438	97.4171	0.060274	1	138	0.115022	0.103093	0	131
110	18.1603	97.4085	0.0210746	1	208	0.105777	0.107046	0	137
80	18.1328	97.5943	0.0148076	1	243	0.113823	0.0673763	0	498
100	18.1291	97.5753	0.0456621	1	607	0.0923164	0.106928	0	471
123	18.0347	97.2557	0.0247606	1	810	0.0806102	0.0852543	0	176
115	17.9779	97.2348	0.0331546	1	495	0.0932765	0.118165	0	173
315	17.9782	97.4492	0.0365297	1	285	0.0870186	0.0848654	0	147
115	17.9782	97.4492	0.0106805	1	439	0.0889984	0.101973	0	147
185	17.9666	97.3128	0.00856164	1	439	0.130245	0.123295	0	96
115	17.9666	97.3128	0.022217	1	439	0.0734542	0.152349	0	96
165	17.9339	97.4481	0.0100161	1	285	0.0693362	0.0733143	0	95
165	17.9246	97.449	0.0100869	1	285	0.0926604	0.0611514	0	112
315	17.8819	97.4688	0.00783557	1	285	0.110065	0.110654	0	58
180	17.9219	97.4769	0.0244537	1	285	0.0860096	0.109758	0	238
115	17.9657	97.4446	0.00824158	1	481	0.108521	0.0760584	0	100
430	17.8957	97.4191	0.0210748	1	285	0.0886152	0.0951593	0	70
100	17.988	97.4222	0.0123059	1	285	0.107247	0.100696	0	67
130	17.9003	97.4077	0.0284519	1	285	0.0756953	0.0857852	0	86
315	17.7551	97.4443	0.00987904	1	936	0.0690826	0.120109	0	64
135	17.749	97.3142	0.0148872	1	411	0.0835073	0.0747763	0	177
140	17.7135	97.2985	0.0177477	1	411	0.0737701	0.151398	0	117
165	17.7396	97.4297	0.0223651	1	411	0.0658623	0.0966953	0	75
165	17.7388	97.4296	0.00818861	1	516	0.091564	0.119696	0	75
315	17.7396	97.4162	0.0130793	1	726	0.107647	0.108521	0	91
315	17.7358	97.4679	0.0178402	1	936	0.0966129	0.133359	0	52
175	17.7196	97.5397	0.00644029	1	285	0.101518	0.113237	0	84
180	17.8643	97.5143	0.0204887	1	285	0.0716032	0.104232	0	308
320	17.8504	97.4756	0.0604351	1	285	0.129376	0.0734548	0	71
135	17.8312	97.4844	0.136986	1	285	0.0944674	0.0672139	0	81
240	17.8391	97.5218	0.0525346	1	285	0.0814212	0.0881651	0	228
160	17.8084	97.4873	0.0597464	1	285	0.15616	0.122156	0	60
315	17.7144	97.4448	0.0061348	1	600	0.0889414	0.11574	0	65
315	17.6874	97.5298	0.0171169	1	922	0.0728092	0.0876195	0	46
315	17.6777	97.4586	0.0272057	1	733	0.0841935	0.114489	0	70
140	17.6641	97.3243	0.0178911	1	614	0.110214	0.0609103	0	67
140	17.6497	97.2838	0.00374592	1	775	0.056747	0.101518	0	48
140	17.6497	97.2838	0.0553073	1	775	0.103872	0.091074	0	48
315	17.6334	97.5298	0.0078454	1	733	0.100696	0.0516548	0	43
1090	17.6028	97.2622	0.0355439	1	411	0.0801546	0.0698629	0	35
140	17.5518	97.2191	0.00582889	1	628	0.0751509	0.106253	0	51
315	17.5903	97.5497	0.00547069	1	943	0.113375	0.121432	0	34
315	17.5788	97.5706	0.0213565	1	929	0.139207	0.0924785	0	36
315	17.5159	97.5136	0.0713339	1	733	0.120375	0.108831	0	72
245	17.482	97.7326	0.0165167	1	908	0.0835471	0.141309	0	42
245	17.4733	97.6101	0.0141571	1	908	0.097578	0.113361	0	32
315	17.4728	97.5382	0.0270609	1	740	0.122361	0.0983638	0	82
245	17.3866	97.6561	0.0137286	1	908	0.1335	0.117371	0	23
480	17.2291	97.9736	0.00522577	1	432	0.111369	0.108671	0	75
480	17.2291	97.9736	0.0475013	1	432	0.173876	0.0987109	0	75
425	16.9187	98.4906	0.0203043	1	894	0.113674	0.111147	0	181
400	16.7347	98.382	0.0293766	1	201	0.0944493	0.0788689	0	206
780	16.7472	98.3734	0.0037556	1	306	0.0896997	0.0792076	0	218
380	17.0231	97.8702	0.0106694	1	831	0.109172	0.0911369	0	8
380	17.0231	97.8702	0.0153328	1	831	0.0840829	0.0785096	0	8
278	16.8985	98.0322	0.0113869	1	943	0.114489	0.0763997	0	6
278	16.8971	98.0346	0.011124	1	943	0.113285	0.0791664	0	6
278	16.9884	97.7851	0.00979256	1	943	0.0895308	0.0915515	0	16
278	16.9885	97.7911	0.00831515	1	943	0.0704094	0.118931	0	16
278	16.9153	98.0194	0.0173808	1	943	0.115266	0.0751509	0	12
278	16.9153	98.0194	0.0184502	1	943	0.158112	0.12274	0	12
278	16.9342	98.028	0.0171463	1	943	0.0936577	0.0970595	0	12
278	16.9236	98.0524	0.0424997	1	943	0.105187	0.0937667	0	22
200	16.7929	98.0321	0.00535373	1	656	0.104271	0.0949256	0	10
270	16.8009	98.0256	0.0071631	1	656	0.0831094	0.0886989	0	8
610	16.8274	98.0413	0.00874349	1	656	0.144207	0.0691147	0	9
335	16.8302	98.0368	0.0163672	1	656	0.157183	0.116444	0	8
1000	16.9012	98.0443	0.0256678	1	817	0.0991358	0.103597	0	12
278	16.9012	98.0443	0.0358303	1	817	0.0935397	0.109952	0	12
278	16.9832	98.0088	0.00260163	1	915	0.0918962	0.100535	0	19
278	16.9832	98.0088	0.0135469	1	915	0.126988	0.157183	0	19
278	16.9832	98.0088	0.0410844	1	915	0.0785096	0.0944195	0	19
278	16.9832	98.0088	0.0191929	1	915	0.1011	0.0956772	0	19
278	16.9726	98.0185	0.0103614	1	915	0.10012	0.125513	0	20
278	16.9726	98.0185	0.0099793	1	915	0.0870961	0.0999771	0	20
278	16.9821	98.0467	0.0335242	1	915	0.0896134	0.0889342	0	44
278	16.9821	98.0467	0.0329615	1	915	0.168588	0.16092	0	44
110	18.2404	97.3785	0.0172518	1	586	0.0814181	0.0995471	0	158
175	17.72	97.5396	0.038755	1	593	0.0674207	0.0895006	0	84
165	17.7196	97.5397	0.0109635	1	593	0.123701	0.0843038	0	84
110	18.3359	97.3274	0.0095282	1	565	0.0842568	0.0965164	0	424
85	17.9888	97.4792	0.0108894	1	593	0.14257	0.05778	0	326
205	17.912	97.4488	0.00514697	1	593	0.11497	0.0928716	0	82
315	17.8149	97.3981	0.016941	1	600	0.0831623	0.0709889	0	113
260	17.9495	97.3434	0.0173527	1	572	0.080737	0.113375	0	96
255	17.7696	97.6731	0.00772158	1	614	0.09595	0.0996274	0	142
40	17.8939	97.3692	0.0165243	1	579	0.0944917	0.106042	0	290
100	18.312	97.5331	0.00931228	1	593	0.0877204	0.0975648	0	349
140	17.882	97.218	0.00980627	1	614	0.0581166	0.0797792	0	635
90	18.5769	97.0498	0.00465237	1	740	0.13196	0.0731526	0	1223
90	18.542	97.0494	0.0117998	1	740	0.0561408	0.0988784	0	1374
90	18.5465	97.1198	0.0187008	1	740	0.0965164	0.106831	0	830
115	18.3795	97.2233	0.0540428	1	740	0.109401	0.0782106	0	907
115	18.2815	97.2766	0.00840639	1	768	0.167095	0.0607555	0	1024
115	17.8939	97.3692	0.00881413	1	768	0.086282	0.087338	0	290
140	17.8053	97.3334	0.0305704	1	775	0.111027	0.0755421	0	197
140	17.7284	97.173	0.0236854	1	775	0.0749337	0.0874768	0	452
115	17.863	97.2764	0.0737288	1	768	0.092435	0.0866191	0	83
115	17.8733	97.2711	0.0222325	1	775	0.0611514	0.07099	0	134
115	17.4631	97.5776	0.00659338	1	768	0.128137	0.0852733	0	53
140	17.7929	97.3424	0.0186611	1	775	0.0763997	0.0965818	0	298
115	17.8968	97.2683	0.0116593	1	768	0.116364	0.127427	0	78
100	18.1573	97.668	0.0205093	1	733	0.0986589	0.091564	0	132
100	18.1547	97.6733	0.00545355	1	733	0.0997434	0.12998	0	97
123	18.1463	97.275	0.0411817	1	810	0.0657343	0.120167	0	456
123	18.1376	97.2529	0.00344923	1	810	0.119716	0.0995849	0	441
123	18.1342	97.2386	0.0105767	1	810	0.0616933	0.0677836	0	538
123	18.686	97.0663	0.0313785	1	810	0.0540359	0.0832544	0	1631
315	17.6116	97.5409	0.0118369	1	922	0.0938561	0.16328	0	37
123	18.2708	97.277	0.0259025	1	936	0.112461	0.0837715	0	922
115	17.9792	97.2352	0.0152685	1	768	0.115141	0.0975103	0	173
113	17.5073	97.9695	0.0144315	1	586	0.0972855	0.0845984	0	231
113	17.7192	97.7661	0.0561289	1	586	0.0821193	0.111338	0	188
113	17.6457	97.8241	0.00955968	1	586	0.083021	0.0794622	0	91
113	17.5582	97.8962	0.0247235	1	586	0.101894	0.092809	0	243
113	17.6149	97.8628	0.0267136	1	586	0.0819873	0.153549	0	125
400	17.0513	98.388	0.0124761	1	642	0.0916678	0.072725	0	173
400	17.0309	98.4249	0.0129243	1	642	0.105785	0.10595	0	186
113	17.6169	97.8556	0.00379261	1	586	0.0957899	0.0737701	0	125
528	16.9797	97.8604	0.0221529	1	649	0.0721386	0.0814181	0	14
528	16.9799	97.8673	0.0174054	1	649	0.0845984	0.122995	0	9
528	16.9803	97.8673	0.015058	1	649	0.0776825	0.064641	0	9
528	16.957	97.8885	0.0108866	1	649	0.0806496	0.154343	0	9
528	17.0775	97.8184	0.0261396	1	649	0.0958143	0.0921846	0	12
528	17.1043	97.7952	0.0171964	1	649	0.205756	0.0979966	0	14
528	17.0968	97.7972	0.00882604	1	649	0.0911158	0.108841	0	12
528	17.0408	97.667	0.0078633	1	649	0.0743467	0.0988596	0	22
528	17.0059	97.7208	0.0101702	1	649	0.0938267	0.123044	0	15
528	17.0471	97.6602	0.0306341	1	649	0.109685	0.0979605	0	13
528	16.9879	97.7884	0.0139611	1	649	0.0877096	0.0763267	0	16
528	16.9847	97.8366	0.00797827	1	649	0.0815197	0.0949145	0	16
130	17.0048	97.8456	0.0094818	1	649	0.0753636	0.0972007	0	21
528	17.0645	97.6763	0.0114677	1	649	0.0955333	0.0979989	0	21
175	16.806	98.0185	0.00720039	1	726	0.0903468	0.12215	0	11
345	16.7973	98.0207	0.00978117	1	726	0.0834377	0.115098	0	10
500	16.7604	98.0407	0.00289017	1	726	0.103518	0.102361	0	12
500	16.7567	98.0415	0.00382145	1	726	0.093316	0.082432	0	14
200	16.7584	98.0134	0.0090729	1	726	0.0944454	0.110214	0	11
200	16.7555	98.0137	0.0217104	1	726	0.0915158	0.0668345	0	11
200	16.7681	98.0147	0.0241918	1	726	0.134432	0.0814624	0	10
600	16.774	98.0048	0.0188591	1	726	0.0972953	0.121136	0	14
200	16.7781	98	0.0132502	1	726	0.0730491	0.0886027	0	26
365	16.7708	98.0013	0.0306053	1	726	0.0798268	0.0820472	0	14
200	16.7732	98.0072	0.0142583	1	726	0.0731573	0.096324	0	19
260	16.7957	98.0065	0.0145312	1	726	0.0887024	0.0838886	0	5
200	16.7936	98.006	0.0282624	1	726	0.0843038	0.086986	0	5
248	17.0355	98.0088	0.0558467	1	838	0.106928	0.0894599	0	19
248	17.0355	98.0365	0.00998267	1	838	0.092225	0.0991244	0	35
248	17.0866	98.0521	0.00948616	1	838	0.0936403	0.0713915	0	54
248	17.0961	98.053	0.00147363	1	838	0.0634567	0.0724662	0	56
248	17.1044	98.055	0.00624833	1	838	0.130879	0.11474	0	102
248	17.1272	98.0163	0.0161031	1	838	0.0975159	0.10012	0	35
278	16.8972	98.0533	0.00761572	1	824	0.091074	0.0834393	0	10
278	16.9443	98.0369	0.00741028	1	817	0.0915702	0.0991358	0	13
278	16.9387	98.0405	0.0354706	1	817	0.0792028	0.107434	0	20
278	16.9504	98.0335	0.00189174	1	817	0.076173	0.135106	0	13
310	16.9501	98.0297	0.0248152	1	817	0.113361	0.0853683	0	12
425	16.701	98.1242	0.0182953	1	810	0.120893	0.139021	0	12
425	16.7021	98.1078	0.0025874	1	810	0.147387	0.0675113	0	10
425	16.6981	98.1277	0.0145851	1	810	0.121833	0.135608	0	17
425	16.6981	98.0834	0.0120184	1	810	0.116662	0.0920591	0	7
425	18.4454	97.1005	0.0098414	1	810	0.0743156	0.0995314	0	1134
425	16.715	98.0883	0.00544947	1	810	0.08509	0.0809846	0	8
460	16.8126	98.1047	0.00346605	1	810	0.146163	0.0722635	0	22
460	16.8061	98.1187	0.00490089	1	810	0.0980345	0.168588	0	15
460	16.7952	98.1004	0.0431789	1	810	0.0933252	0.0966551	0	13
460	16.7901	98.0851	0.0261553	1	810	0.0790636	0.0738761	0	18
275	16.7928	98.1116	0.0061109	1	810	0.0732123	0.0841336	0	16
460	16.7778	98.1079	0.0200475	1	810	0.0985931	0.157406	0	18
278	16.9457	98.0485	0.0414498	1	817	0.0817262	0.0886914	0	25
278	16.9072	98.0438	0.00350511	1	817	0.0898854	0.151404	0	12
200	16.9486	98.04	0.0145145	1	817	0.0883944	0.0957899	0	19
345	16.6976	98.1414	0.0174214	1	831	0.077464	0.097578	0	15
320	17.4268	97.8896	0.00918828	1	817	0.111965	0.0911679	0	73
120	17.5028	97.9035	0.0148719	1	817	0.127381	0.153864	0	140
425	16.7136	98.1313	0.0184086	1	831	0.12013	0.0684753	0	9
425	16.7045	98.138	0.0111134	1	831	0.109278	0.102319	0	11
425	16.7069	98.155	0.0284118	1	831	0.107673	0.0783689	0	15
425	16.7129	98.153	0.0185182	1	831	0.105068	0.0500091	0	16
425	16.7113	98.1482	0.0108176	1	831	0.104511	0.078636	0	16
425	16.7176	98.1496	0.00293158	1	831	0.12497	0.114632	0	15
425	16.6963	98.1444	0.023485	1	838	0.0870244	0.0963558	0	15
425	16.7037	98.1459	0.0109952	1	831	0.085676	0.100787	0	13
425	16.6892	98.144	0.0304539	1	831	0.0913098	0.0857024	0	12
425	16.8702	98.0517	0.0222871	1	831	0.109521	0.0814652	0	16
300	16.6547	98.1726	0.00185042	1	831	0.109794	0.109094	0	18
425	16.6597	98.1792	0.00573684	1	831	0.161499	0.0916678	0	16
425	16.6528	98.1748	0.0221474	1	831	0.111692	0.0839218	0	18
425	16.6065	98.1889	0.00658498	1	831	0.124718	0.0983141	0	17
425	16.6095	98.1885	0.0333073	1	831	0.0667868	0.114308	0	19
1090	16.5858	98.1914	0.024006	1	831	0.0809575	0.0757945	0	12
425	16.588	98.2166	0.0135874	1	831	0.0833289	0.0892881	0	13
425	16.5876	98.2189	0.0155475	1	831	0.101858	0.0842568	0	13
1000	16.5928	98.2209	0.018348	1	831	0.138578	0.109166	0	23
245	16.6283	98.2482	0.0242256	1	831	0.11883	0.109851	0	29
400	16.7603	98.0772	0.0116951	1	852	0.135403	0.138372	0	11
400	16.7138	98.059	0.0113427	1	852	0.106613	0.0766986	0	12
400	16.7414	98.0754	0.0312572	1	852	0.0917387	0.0923164	0	15
248	17.0355	97.9613	0.0160442	1	859	0.0929916	0.0948096	0	16
248	17.0174	97.9799	0.00450975	1	859	0.111391	0.0987627	0	13
248	17.0469	97.9685	0.00961023	1	859	0.0803842	0.122918	0	14
248	17.032	97.9973	0.00402933	1	859	0.110654	0.0895368	0	17
248	17.0384	97.9613	0.00851982	1	859	0.136014	0.0865148	0	16
248	17.0432	97.9026	0.00731245	1	852	0.0941233	0.0936403	0	13
248	17.0697	97.8831	0.0240216	1	859	0.120167	0.120993	0	13
248	17.059	97.8884	0.0115661	1	852	0.116105	0.156715	0	14
248	17.0547	97.8979	0.0155903	1	852	0.0867685	0.094857	0	15
248	17.0121	97.9803	0.0306981	1	852	0.101944	0.105068	0	13
528	16.9454	97.7447	0.0403951	1	852	0.10595	0.195607	0	11
528	16.9433	97.7463	0.00842907	1	852	0.0829843	0.0889137	0	11
528	16.9506	97.744	0.0072931	1	852	0.0877583	0.112139	0	11
528	16.9496	97.7342	0.00914343	1	852	0.0995849	0.0819604	0	12
528	16.9415	97.7471	0.041822	1	852	0.0979989	0.0792709	0	7
528	16.9456	97.7473	0.0349291	1	852	0.119593	0.0943173	0	6
528	16.9436	97.7406	0.0154229	1	852	0.0959354	0.113077	0	11
528	16.9465	97.7713	0.0347169	1	852	0.110332	0.100129	0	13
528	16.8964	97.8271	0.00626865	1	852	0.0857852	0.119811	0	16
425	16.7162	98.1582	0.0122099	1	831	0.0796272	0.114311	0	14
425	16.7176	98.1551	0.0121143	1	831	0.0568567	0.0688589	0	14
85	17.532	97.8519	0.00352779	1	852	0.128556	0.0944917	0	364
120	17.5442	97.863	0.0262135	1	852	0.0968845	0.0954331	0	463
113	17.5321	97.8225	0.00861817	1	852	0.0886914	0.122446	0	311
113	17.5547	97.882	0.0141955	1	859	0.106042	0.103872	0	219
113	17.4242	97.961	0.0106694	1	852	0.106197	0.0995323	0	463
113	17.5572	97.8939	0.0238375	1	852	0.0837715	0.126627	0	243
200	16.9014	98.0482	0.00993912	1	852	0.0763558	0.09718	0	12
425	16.5906	98.085	0.0284848	1	859	0.10381	0.0857331	0	19
425	16.5864	98.0785	0.0232706	1	859	0.077309	0.064863	0	18
425	16.5824	98.0711	0.0188365	1	859	0.0884378	0.091236	0	10
425	16.5848	98.0898	0.0143404	1	859	0.123032	0.0971806	0	20
425	16.5825	98.0964	0.0210508	1	859	0.0857287	0.151964	0	13
425	16.5905	98.1175	0.0392517	1	859	0.103896	0.0764291	0	46
425	16.5807	98.0837	0.0119655	1	859	0.0930592	0.0877583	0	12
425	16.5775	98.0887	0.00692881	1	859	0.117078	0.106936	0	13
425	16.5748	98.0927	0.0154358	1	859	0.099122	0.11162	0	10
425	16.5994	98.232	0.0108187	1	873	0.0713915	0.12497	0	18
528	17.0796	97.6708	0.00910892	1	859	0.0944195	0.115131	0	19
528	17.0312	97.6353	0.0117007	1	859	0.0835362	0.0968247	0	11
528	17.0634	97.8348	0.041012	1	866	0.086309	0.104473	0	10
528	17.0686	97.6102	0.0136867	1	859	0.195607	0.0677803	0	17
528	17.0322	97.6319	0.0284766	1	859	0.127633	0.12177	0	11
528	17.0517	97.6268	0.00600852	1	859	0.102852	0.085092	0	21
528	17.1148	97.6965	0.0153419	1	866	0.0956772	0.123004	0	19
528	16.9644	97.7213	0.0041869	1	866	0.0725259	0.112444	0	14
528	17.047	97.6602	0.0710714	1	866	0.0954955	0.0853098	0	13
528	17.0202	97.6511	0.0086941	1	866	0.0675612	0.078933	0	15
528	17.0135	97.6406	0.0164406	1	866	0.116041	0.118191	0	18
528	16.9855	97.7414	0.018203	1	866	0.0831676	0.110332	0	11
375	17.158	97.7872	0.0351175	1	950	0.0677803	0.0945878	0	14
375	17.1564	97.7874	0.0242903	1	936	0.126194	0.0754656	0	14
375	17.1474	97.7788	0.017205	1	936	0.10177	0.0838502	0	23
375	17.16	97.7528	0.0247762	1	936	0.0979966	0.0839391	0	40
375	17.1388	97.7886	0.0317002	1	936	0.153864	0.0712734	0	13
375	17.177	97.7738	0.0120752	1	936	0.137859	0.0846415	0	15
375	17.1772	97.7733	0.0083071	1	936	0.0915965	0.127569	0	15
375	17.2033	97.7559	0.0106113	1	936	0.121742	0.080737	0	18
375	17.1201	97.7902	0.0415198	1	936	0.0969836	0.0732123	0	10
375	17.1204	97.7791	0.0428255	1	950	0.0966953	0.0949135	0	16
375	17.1486	97.7644	0.0180426	1	936	0.137047	0.0883006	0	17
375	17.1629	97.7012	0.0204379	1	950	0.100093	0.103226	0	18
375	17.1599	97.6955	0.0176633	1	950	0.0983532	0.0724307	0	24
375	17.1597	97.6869	0.0116359	1	936	0.113364	0.0777205	0	22
375	17.1695	97.5904	0.0140461	1	950	0.0857024	0.205756	0	26
375	17.1456	97.6935	0.0141731	1	936	0.0917215	0.121184	0	15
375	17.1491	97.6792	0.0505748	1	950	0.0632874	0.135874	0	18
375	17.1742	97.695	0.00855818	1	950	0.102331	0.115319	0	21
375	17.2025	97.6954	0.00460001	1	950	0.0949712	0.122821	0	17
375	17.1973	97.6953	0.0149575	1	950	0.127569	0.0816541	0	20
375	17.1989	97.6882	0.00841195	1	950	0.119635	0.106887	0	22
375	17.2258	97.6938	0.00788582	1	950	0.0957317	0.0763132	0	19
375	17.2241	97.6949	0.00908081	1	950	0.107876	0.0801678	0	19
375	17.219	97.6694	0.0129204	1	950	0.0999771	0.0870244	0	15
375	17.2169	97.6695	0.00452747	1	957	0.0662373	0.172384	0	17
375	17.1744	97.6935	0.00648056	1	936	0.0854491	0.092225	0	21
248	17.1802	97.8695	0.00776695	1	880	0.0975648	0.100916	0	29
248	17.0376	97.9467	0.0138308	1	887	0.0643578	0.090908	0	12
248	17.0295	97.9532	0.00111374	1	887	0.0727525	0.123919	0	16
248	16.8161	98.0519	0.00600912	1	887	0.0650058	0.197289	0	8
248	17.0084	97.9314	0.0233292	1	887	0.0934041	0.0877008	0	9
248	16.9959	97.9236	0.0185827	1	887	0.0817726	0.107183	0	8
248	17.015	97.9458	0.0140857	1	866	0.102628	0.100945	0	14
248	17.0166	97.9494	0.000942282	1	887	0.121466	0.0858873	0	10
248	16.997	97.9168	0.00661933	1	887	0.0841935	0.0744995	0	9
248	17.018	97.9365	0.00468757	1	887	0.0722635	0.113117	0	11
248	17.0244	97.9157	0.0143405	1	915	0.122089	0.0830602	0	9
248	17.1292	97.8409	0.00346772	1	880	0.10781	0.0822518	0	25
375	17.0511	97.8898	0.0121171	1	936	0.0908724	0.0948828	0	14
340	16.9279	97.979	0.00695705	1	880	0.0812146	0.0727525	0	11
285	16.9343	97.988	0.0127609	1	880	0.0672557	0.114565	0	14
205	16.9493	98.0091	0.0372423	1	880	0.151398	0.119716	0	12
800	16.9347	98.0091	0.0495197	1	880	0.145853	0.121466	0	11
280	16.9398	98.0092	0.00940067	1	880	0.0748897	0.128666	0	11
113	17.8115	97.7139	0.00592828	1	894	0.103351	0.10604	0	107
425	16.6578	98.1311	0.0133353	1	894	0.0988784	0.0954453	0	20
425	16.6545	98.1493	0.0046825	1	894	0.0907619	0.140887	0	22
425	16.6431	98.1341	0.0448799	1	894	0.0979804	0.0716555	0	24
425	16.6587	98.1137	0.00636016	1	894	0.102174	0.109279	0	9
375	17.2608	97.6692	0.0233782	1	950	0.0766752	0.10514	0	19
375	17.2613	97.6729	0.0153015	1	950	0.142683	0.0956261	0	26
375	17.2659	97.6709	0.00186934	1	950	0.117351	0.0912837	0	19
375	17.2481	97.6671	0.00540806	1	950	0.0758778	0.1023	0	19
375	17.2369	97.6641	0.0100428	1	950	0.147496	0.0974774	0	18
375	17.2188	97.6686	0.0123231	1	950	0.119346	0.0798268	0	15
375	17.251	97.6773	0.0229389	1	950	0.0886418	0.10381	0	22
375	17.3221	97.6774	0.0159693	1	950	0.105838	0.101033	0	21
375	17.2922	97.7258	0.00957023	1	950	0.0884014	0.121833	0	31
375	17.3585	97.6737	0.0107412	1	950	0.0707938	0.111651	0	46
375	17.2885	97.6592	0.0113244	1	929	0.131285	0.0931868	0	18
375	17.2718	97.6592	0.00766137	1	922	0.0915515	0.0754089	0	17
375	17.2438	97.6514	0.00245595	1	922	0.0814624	0.0669065	0	17
375	17.2111	97.6566	0.0605856	1	922	0.0782106	0.0916159	0	13
375	17.1994	97.645	0.00437416	1	922	0.0805629	0.105785	0	13
375	17.2187	97.6367	0.00302925	1	922	0.0942915	0.104021	0	16
375	17.2466	97.6432	0.0110669	1	922	0.0995471	0.114585	0	15
375	17.2917	97.6586	0.00294713	1	922	0.120219	0.0492109	0	18
375	17.3238	97.6615	0.00528824	1	922	0.108623	0.143504	0	18
375	17.23	97.64	0.0163164	1	922	0.0621392	0.0988532	0	14
248	17.1574	97.8524	0.027245	1	922	0.0760584	0.0732704	0	19
248	17.1612	97.8717	0.0162627	1	922	0.083034	0.0634567	0	34
248	17.1512	97.8586	0.0205028	1	922	0.0717378	0.118513	0	26
248	17.0984	97.6947	0.0290844	1	922	0.0729669	0.119593	0	17
248	17.149	97.8324	0.00848931	1	922	0.110689	0.0627346	0	14
248	17.1095	97.8393	0.00403977	1	922	0.143504	0.0908724	0	14
375	17.1401	97.7641	0.0112204	1	936	0.0852273	0.0741763	0	17
375	17.1451	97.769	0.0083125	1	936	0.123044	0.084649	0	17
375	17.1778	97.7687	0.0115315	1	936	0.158382	0.100878	0	17
113	17.4316	97.7599	0.0426262	1	943	0.0872562	0.100644	0	106
278	16.8916	98.0231	0.0267519	1	943	0.102667	0.106362	0	6
278	16.9279	98.0403	0.00981445	1	943	0.0765773	0.0824498	0	21
425	16.6356	98.0831	0.00598229	1	887	0.127989	0.103505	0	8
425	16.6358	98.1018	0.0423756	1	887	0.104039	0.108247	0	10
425	16.6509	98.1203	0.030162	1	887	0.137915	0.075048	0	9
425	16.6388	98.0792	0.0089591	1	887	0.0801907	0.0943832	0	12
425	16.6376	98.1113	0.017729	1	887	0.0852733	0.0787316	0	14
425	16.6439	98.056	0.0409789	1	887	0.0928014	0.0922106	0	6
425	16.6954	98.0995	0.00808496	1	887	0.0893373	0.0852273	0	15
425	16.6466	98.0801	0.0106826	1	887	0.10514	0.071494	0	6
425	16.7208	98.1989	0.0294981	1	887	0.0983638	0.104005	0	23
425	16.691	98.1283	0.0109583	1	887	0.152349	0.112222	0	15
425	16.6865	98.096	0.0153378	1	887	0.104232	0.104577	0	7
425	16.6733	98.1132	0.00702158	1	887	0.0819446	0.09595	0	9
113	17.4494	97.7975	0.0102191	1	943	0.0610832	0.125903	0	125
113	17.4051	97.7648	0.00862195	1	943	0.0763634	0.12013	0	27
113	17.4029	97.7773	0.0144494	1	943	0.0854614	0.076173	0	29
113	16.6225	98.0656	0.0133939	1	936	0.0954331	0.0953193	0	19
113	16.6183	98.0641	0.013561	1	936	0.111679	0.100094	0	19
113	16.6132	98.0602	0.0122444	1	936	0.109456	0.119379	0	9
1108	16.6732	98.4529	0.0290452	1	614	0.104473	0.0865332	0	232
370	16.5702	98.5685	0.001423	1	586	0.064641	0.105697	0	222
370	16.6256	98.5373	0.048715	1	586	0.0847322	0.117924	0	214
1108	16.6953	98.4074	0.00553628	1	614	0.109767	0.0870961	0	203
1108	16.6945	98.4313	0.0123638	1	614	0.149067	0.08509	0	207
180	16.3718	98.0361	0.00327037	1	831	0.0725388	0.124718	0	21
600	16.4031	98.0237	0.00304733	1	831	0.0977211	0.110431	0	19
300	16.422	98.0109	0.0103052	1	831	0.0758545	0.0758746	0	13
800	16.4813	98.1552	0.0278248	1	831	0.0881651	0.1216	0	46
815	16.4668	98.1469	0.0102008	1	831	0.07099	0.0754502	0	36
535	16.4776	98.1439	0.0131448	1	831	0.090908	0.0792691	0	28
650	16.4686	98.1437	0.00649823	1	831	0.104612	0.115141	0	20
650	16.4555	98.1446	0.00572245	1	859	0.0762748	0.0983907	0	31
340	16.2018	98.1267	0.0132493	1	831	0.0984521	0.0986087	0	33
2530	16.2886	98.1266	0.00769888	1	831	0.146523	0.093235	0	53
568	16.372	98.1277	0.00919075	1	831	0.0750117	0.127695	0	68
568	16.4289	98.0147	0.0119865	1	831	0.0794016	0.134361	0	9
568	16.2549	98.0579	0.0191581	1	831	0.0798224	0.0664113	0	61
568	16.5558	98.0771	0.00489376	1	852	0.0952501	0.0730491	0	16
568	16.4784	98.0832	0.00993386	1	852	0.0901229	0.0847048	0	13
568	16.4661	98.0598	0.0132554	1	852	0.109632	0.0835505	0	22
568	16.4276	98.0024	0.00720022	1	852	0.107647	0.0659632	0	11
568	16.4475	98.0373	0.0113771	1	852	0.151361	0.092435	0	15
568	16.5405	97.9952	0.0107916	1	852	0.150115	0.0864983	0	14
568	16.4382	97.9977	0.0164404	1	852	0.153452	0.111369	0	8
568	16.4773	98.0194	0.0218836	1	852	0.0854012	0.0901683	0	15
568	16.4382	97.9977	0.0134191	1	852	0.0869633	0.0780557	0	8
568	16.4309	97.9971	0.0250135	1	852	0.12215	0.122361	0	11
568	16.496	98.0695	0.0145166	1	852	0.0834282	0.116057	0	9
568	16.4657	98.0384	0.00363279	1	852	0.107738	0.108695	0	10
568	16.4337	98.0333	0.0127558	1	852	0.123004	0.145853	0	7
2000	16.6042	98.5178	0.0160411	1	852	0.107891	0.109225	0	240
568	16.5018	98.1026	0.00759168	1	894	0.0849224	0.0870151	0	11
568	16.4046	98.0463	0.0408332	1	901	0.138372	0.113425	0	19
568	16.5154	98.0817	0.00048635	1	887	0.154009	0.12494	0	8
1020	16.4994	98.1104	0.0722544	1	908	0.0729482	0.0977211	0	13
568	16.5363	98.153	0.0205828	1	887	0.132453	0.0872603	0	16
568	16.4838	98.0826	0.0035602	1	880	0.16992	0.0761811	0	13
568	16.5132	98.1128	0.00376735	1	887	0.0715205	0.09006	0	9
568	16.5405	97.9952	0.0162866	1	887	0.109758	0.105806	0	14
260	16.4666	98.1395	0.00896365	1	887	0.10527	0.151361	0	26
460	16.5234	98.1247	0.0221153	1	880	0.0949145	0.111965	0	11
568	16.5154	98.1349	0.00366899	1	887	0.053351	0.0843114	0	11
568	16.496	98.0695	0.0224082	1	880	0.105586	0.0699356	0	9
600	16.5018	98.1026	0.0106806	1	887	0.0665343	0.16992	0	11
1020	16.4994	98.1104	0.00480487	1	894	0.12177	0.172264	0	13
568	16.569	98.0689	0.00394119	1	908	0.0635233	0.0729669	0	8
568	16.569	98.0689	0.00230367	1	908	0.0968225	0.100295	0	8
390	16.5687	98.0571	0.010017	1	908	0.0894599	0.107984	0	7
568	16.5558	98.0771	0.0118308	1	901	0.0819424	0.131912	0	16
620	16.5475	98.0671	0.00716874	1	901	0.0766986	0.0759875	0	16
568	16.5475	98.0671	0.0171661	1	901	0.0649272	0.0847423	0	16
255	16.5682	98.0704	0.0280263	1	901	0.0598616	0.109278	0	8
568	16.5532	98.1081	0.00878444	1	901	0.125891	0.129645	0	14
345	16.5674	98.072	0.019896	1	901	0.0824087	0.0903242	0	7
568	16.5363	98.153	0.00673907	1	908	0.0975103	0.0868035	0	16
568	16.5387	98.0833	0.013999	1	901	0.143367	0.0635233	0	12
568	16.2018	98.1267	0.0112547	1	901	0.115131	0.0826844	0	33
568	16.5989	98.0142	0.0052994	1	901	0.108396	0.104899	0	7
90	18.6851	97.0508	0.013656	1	530	0.106887	0.0878529	0	1434
90	18.6699	97.0603	0.00401268	1	530	0.105684	0.0934041	0	1410
90	18.5926	97.0984	0.0349075	1	530	0.104899	0.0894869	0	1007
90	18.6356	97.0665	0.0161593	1	530	0.103685	0.102371	0	1175
90	18.6064	97.1459	0.0242514	1	530	0.0949135	0.0921305	0	1232
90	18.5955	97.0724	0.00964178	1	530	0.0925701	0.115868	0	848
90	18.5681	97.1092	0.00615013	1	530	0.0903242	0.0959354	0	873
90	18.6348	97.0313	0.0224655	1	530	0.0846415	0.101528	0	982
90	18.3293	97.1817	0.0366927	1	530	0.0677746	0.107676	0	894
220	18.492	97.145	0.0202277	1	558	0.110431	0.103015	0	851
115	18.492	97.145	0.0260204	1	558	0.162187	0.0883211	0	851
100	18.4934	97.1783	0.00371449	1	530	0.108485	0.0778456	0	899
115	18.136	97.5489	0.00854491	1	530	0.0943173	0.0962091	0	549
90	18.4829	97.1419	0.00469417	1	558	0.0801301	0.080867	0	843
90	18.4502	97.0926	0.0540757	1	558	0.0840294	0.100548	0	1106
115	18.4723	97.1578	0.0061648	1	530	0.0947097	0.115967	0	860
50	18.4495	97.0204	0.00514821	1	558	0.102258	0.0745613	0	1097
90	18.4495	97.0204	0.013374	1	558	0.113493	0.101728	0	1097
60	18.4495	97.0204	0.0158738	1	558	0.104617	0.100476	0	1097
90	18.4549	97.078	0.0324158	1	558	0.103837	0.0979768	0	937
115	18.4397	97.1332	0.0223541	1	530	0.0793765	0.0806496	0	894
115	18.4296	97.138	0.0137652	1	530	0.0935108	0.0944794	0	898
235	18.4258	97.1965	0.00947105	1	530	0.0718553	0.11497	0	822
115	18.468	97.1701	0.029304	1	530	0.0745842	0.0766586	0	844
95	18.6898	97.05	0.0177023	0	13494	0.0694376	0.0989634	0	1434
95	18.6764	97.1385	0.0027774	0	13494	0.0684753	0.0717378	0	996
65	18.6734	97.1486	0.00931039	0	13494	0.109295	0.106657	0	1091
75	18.6668	97.0647	0.00335157	0	13494	0.0609103	0.094546	0	1537
65	18.6463	97.0586	0.0180737	0	13494	0.0764291	0.0621675	0	1232
210	18.6328	96.9873	0.00228859	0	13494	0.0731526	0.103027	0	1393
85	18.6313	97.0745	0.0369059	0	13494	0.0902696	0.071805	0	1172
75	18.6059	97.0139	0.0309356	0	13494	0.0816107	0.0677746	0	1217
65	18.5797	97.0083	0.0135895	0	13494	0.109344	0.0697166	0	1290
130	18.4679	97.1532	0.0197945	0	13494	0.102772	0.121235	0	815
95	18.4524	97.0303	0.0108736	0	13494	0.12494	0.0627263	0	1102
100	18.4516	97.205	0.0148165	0	13494	0.111741	0.0935397	0	899
295	18.4498	97.1162	0.0180672	0	13494	0.107248	0.0925701	0	978
185	18.4297	97.1406	0.00718994	0	13494	0.0807245	0.10157	0	1086
115	18.4252	97.1316	0.0152224	0	13494	0.111338	0.0891831	0	935
65	18.4223	97.2844	0.0149728	0	13494	0.101585	0.119501	0	909
65	18.4129	96.9957	0.0205346	0	13494	0.11474	0.0810469	0	1028
50	18.384	97.2316	0.019976	0	13494	0.176662	0.104624	0	964
55	18.3554	97.2051	0.0157233	0	13494	0.0794622	0.106498	0	858
155	18.3328	97.5239	0.00442898	0	13494	0.0852715	0.0969832	0	463
65	18.3306	97.4725	0.0300581	0	13494	0.0847423	0.0932991	0	520
50	18.3295	97.3966	0.0147938	0	13494	0.0932991	0.120392	0	817
300	18.3291	97.5863	0.0100407	0	13494	0.134292	0.109364	0	134
55	18.3289	97.2694	0.0209363	0	13494	0.110123	0.0734542	0	901
60	18.3249	97.1979	0.00914034	0	13494	0.0857758	0.103755	0	1051
70	18.3011	97.6285	0.00843696	0	13494	0.154576	0.0686924	0	134
50	18.2983	97.187	0.034251	0	13494	0.0750771	0.0919198	0	950
70	18.2938	97.2341	0.0261241	0	13494	0.111769	0.106259	0	1157
460	18.2815	97.6319	0.0209536	0	13494	0.122661	0.138049	0	139
165	18.269	97.3661	0.0175415	0	13494	0.109938	0.107247	0	251
65	18.2718	97.3538	0.00570029	0	13494	0.10873	0.0799073	0	208
70	18.2716	97.2771	0.00734885	0	13494	0.104577	0.0971708	0	922
150	18.2711	97.2776	0.00356736	0	13494	0.103597	0.155756	0	922
70	18.2674	97.631	0.0235915	0	13494	0.141279	0.0955926	0	267
70	18.2595	97.2415	0.00683319	0	13494	0.127085	0.0719136	0	1162
105	18.2551	97.2557	0.00493148	0	13494	0.0983141	0.117417	0	1127
110	18.2427	97.4366	0.0105112	0	13494	0.0855082	0.0809461	0	657
90	18.2212	97.4476	0.00649013	0	13494	0.088766	0.098399	0	797
45	18.1991	97.4717	0.00848644	0	13494	0.0724307	0.0955333	0	479
155	18.1947	97.2769	0.0261239	0	13494	0.0516548	0.102538	0	872
160	18.1925	97.2033	0.0144398	0	13494	0.0778116	0.0945766	0	557
40	18.1818	97.4211	0.0235124	0	13494	0.0841638	0.111093	0	556
55	18.1693	97.4706	0.0062181	0	13494	0.0740455	0.109344	0	547
60	18.143	97.3535	0.0037228	0	13494	0.107183	0.148358	0	355
150	18.1356	97.5196	0.0182473	0	13494	0.0971806	0.105068	0	400
115	18.1279	97.5596	0.00945588	0	13494	0.0500091	0.0995975	0	621
160	18.1061	97.4709	0.00702249	0	13494	0.12909	0.0674207	0	624
70	18.0814	97.401	0.0132773	0	13494	0.0669065	0.111741	0	138
60	18.0463	97.5937	0.0125296	0	13494	0.0710851	0.0661229	0	508
100	18.0356	97.6374	0.00733633	0	13494	0.118484	0.110326	0	546
110	18.0337	97.4647	0.00159396	0	13494	0.0868035	0.122661	0	306
120	18.0265	97.2818	0.00627962	0	13494	0.102312	0.131817	0	327
100	18.0123	97.5127	0.0136454	0	13494	0.111659	0.0819446	0	604
60	17.9956	97.4761	0.0211817	0	13494	0.133225	0.099674	0	379
120	17.993	97.5709	0.0115584	0	13494	0.0835505	0.169273	0	216
80	17.9923	97.2311	0.0155146	0	13494	0.0886989	0.0760276	0	203
70	17.9905	97.2639	0.00252951	0	13494	0.0799464	0.0862276	0	174
100	17.9871	97.4219	0.0214092	0	13494	0.104902	0.0816107	0	67
55	17.9752	97.483	0.0432024	0	13494	0.0807225	0.138098	0	514
55	17.9633	97.2362	0.00990727	0	13494	0.0693556	0.0806578	0	163
180	17.937	97.4277	0.0325204	0	13494	0.109606	0.113363	0	67
85	17.9273	97.2482	0.0169066	0	13494	0.0750344	0.0738732	0	99
40	17.9248	97.3427	0.0151523	0	13494	0.0913416	0.0577894	0	72
70	17.9138	97.26	0.0112442	0	13494	0.0920591	0.0957125	0	103
80	17.9132	97.4081	0.0045827	0	13494	0.0810063	0.121288	0	86
130	17.8937	97.2697	0.00130988	0	13494	0.094546	0.0645804	0	78
150	17.8605	97.6337	0.00383796	0	13494	0.172384	0.12307	0	382
225	17.8578	97.2789	0.0061651	0	13494	0.0950252	0.0922943	0	114
75	17.8485	97.3935	0.0105845	0	13494	0.11467	0.0731573	0	148
55	17.8294	97.6084	0.0188062	0	13494	0.0761811	0.0896134	0	518
80	17.8154	97.6443	0.00748317	0	13494	0.0796433	0.0601036	0	252
65	17.7973	97.651	0.0271767	0	13494	0.0601036	0.108396	0	192
55	17.7909	97.6514	0.00224746	0	13494	0.0584151	0.0707938	0	199
75	17.7834	97.6653	0.00338712	0	13494	0.080867	0.103457	0	112
175	17.7696	97.6731	0.00508383	0	13494	0.0812779	0.116105	0	142
500	17.7586	97.6813	0.0372511	0	13494	0.0766586	0.0658623	0	120
115	17.7489	97.4291	0.0234157	0	13494	0.0810469	0.0872671	0	82
60	17.74	97.2584	0.0160214	0	13494	0.0878529	0.10738	0	326
95	17.7396	97.6853	0.0212527	0	13494	0.0900228	0.0669225	0	71
140	17.6685	97.3291	0.00998157	0	13494	0.0688589	0.13521	0	71
60	17.6636	97.7778	0.00941611	0	13494	0.10932	0.127989	0	497
130	17.6377	97.7832	0.0271246	0	13494	0.0965818	0.0934064	0	539
110	17.632	97.7759	0.0155503	0	13494	0.0852543	0.0650058	0	685
850	17.6216	97.5362	0.0127632	0	13494	0.0903231	0.0725388	0	39
220	17.6147	97.5906	0.0153516	0	13494	0.0924521	0.0863655	0	63
45	17.6377	97.7265	0.020454	0	13494	0.0697772	0.151554	0	319
65	17.5977	97.789	0.00437221	0	13494	0.102644	0.121313	0	725
30	17.5917	97.753	0.0130522	0	13494	0.0747216	0.0713161	0	303
65	17.5878	97.8548	0.0231988	0	13494	0.110308	0.118856	0	222
185	17.5691	97.5949	0.00269774	0	13494	0.0790622	0.0665343	0	36
360	17.5373	97.6744	0.0201571	0	13494	0.11258	0.12157	0	71
1030	17.5361	97.6629	0.0114812	0	13494	0.0822518	0.0908896	0	44
175	17.5352	97.8018	0.0299913	0	13494	0.0689169	0.139207	0	204
95	17.5332	97.7932	0.0138312	0	13494	0.10157	0.0819873	0	205
100	17.5229	97.8069	0.0195338	0	13494	0.121134	0.108206	0	205
595	17.5178	97.5847	0.0196921	0	13494	0.0822062	0.0757746	0	32
120	17.4833	97.6582	0.0116685	0	13494	0.0841336	0.105764	0	24
340	17.478	97.6815	0.0337925	0	13494	0.0840778	0.109633	0	72
80	17.4725	97.676	0.0146474	0	13494	0.0895906	0.0956308	0	34
320	17.4705	97.5658	0.00926659	0	13494	0.0914789	0.165153	0	69
125	17.4686	97.6577	0.0486176	0	13494	0.0791141	0.097058	0	23
625	17.4663	98.0284	0.00961745	0	13494	0.113334	0.0744649	0	111
250	17.4645	97.8294	0.00490986	0	13494	0.0738761	0.0826187	0	162
90	17.4636	97.6228	0.0745933	0	13494	0.0982154	0.145003	0	33
125	17.4574	97.6047	0.00964982	0	13494	0.141644	0.0901229	0	44
90	17.444	97.6577	0.00700827	0	13494	0.116444	0.0972855	0	37
130	17.4249	97.602	0.00588108	0	13494	0.120368	0.0889984	0	34
85	17.4208	97.6515	0.0113412	0	13494	0.0939923	0.112444	0	29
620	17.4008	97.6137	0.00772886	0	13494	0.0905643	0.12042	0	28
650	17.3962	97.6784	0.0212353	0	13494	0.0713687	0.117395	0	29
200	17.3857	97.6305	0.0199821	0	13494	0.0754656	0.096004	0	27
500	17.3823	97.6629	0.0186261	0	13494	0.1023	0.104597	0	26
750	17.3771	97.6623	0.00633888	0	13494	0.0841783	0.0932765	0	26
750	17.3669	97.6395	0.00823875	0	13494	0.0616302	0.128264	0	23
1690	17.3601	97.6603	0.0458744	0	13494	0.0806578	0.121618	0	21
270	17.3457	97.9021	0.012129	0	13494	0.078933	0.0913046	0	121
275	17.344	97.8781	0.00449511	0	13494	0.0747763	0.0884813	0	67
515	17.3351	97.8881	0.0187927	0	13494	0.106831	0.0903468	0	71
375	17.3294	97.8557	0.00763127	0	13494	0.109699	0.0896561	0	50
650	17.295	97.8571	0.0100587	0	13494	0.100295	0.110913	0	63
350	17.2678	97.9523	0.016655	0	13494	0.101528	0.0632874	0	163
405	17.2319	97.9213	0.0201273	0	13494	0.102594	0.0824087	0	70
215	17.2204	97.9411	0.00513946	0	13494	0.0981243	0.133032	0	69
135	17.2023	97.9478	0.0151233	0	13494	0.12994	0.070892	0	58
175	17.1683	97.9599	0.0232473	0	13494	0.103015	0.120375	0	52
180	17.0592	98.3267	0.00701773	0	13494	0.0906146	0.106718	0	223
265	16.9477	98.291	0.0207366	0	13494	0.0846434	0.128137	0	254
475	16.9437	98.4956	0.0239797	0	13494	0.0894688	0.0737078	0	178
275	16.9342	98.5222	0.0113948	0	13494	0.117417	0.0940443	0	180
405	16.9085	98.5291	0.00585607	0	13494	0.0675113	0.0713346	0	183
45	16.8776	98.3105	0.020744	0	13494	0.100491	0.086309	0	327
1265	16.753	98.4625	0.012224	0	13494	0.099495	0.122901	0	198
240	16.8359	98.1184	0.00832231	0	13494	0.104473	0.139333	0	15
1870	16.8345	98.5195	0.00255628	0	13494	0.165093	0.101979	0	184
90	16.7923	98.433	0.0323476	0	13494	0.098399	0.0883476	0	226
640	16.7563	98.19	0.0144654	0	13494	0.0758746	0.106524	0	22
325	16.7353	98.4627	0.0373928	0	13494	0.111147	0.109295	0	205
380	16.7197	98.1981	0.0365135	0	13494	0.097473	0.0985347	0	23
475	16.6903	98.2093	0.00429214	0	13494	0.0909883	0.0810063	0	22
0	16.6344	98.4889	0.00625507	0	13494	0.082432	0.10144	0	220
1850	16.6203	98.571	0.0198301	0	13494	0.075048	0.110666	0	212
60	16.6141	98.4926	0.0271276	0	13494	0.103457	0.0841935	0	293
415	16.4514	98.258	0.00723353	0	13494	0.0982427	0.0895308	0	23
475	16.4514	98.2581	0.045604	0	13494	0.0854013	0.0523999	0	23
1585	16.4513	98.258	0.0109925	0	13494	0.103773	0.106068	0	23
580	16.4513	98.2585	0.014417	0	13494	0.0492109	0.127469	0	23
2000	16.4513	98.2579	0.01747	0	13494	0.0852813	0.113493	0	23
1350	16.3923	98.3003	0.0155239	0	13494	0.108671	0.103896	0	52
300	16.3694	98.7877	0.00341786	0	13494	0.100532	0.128804	0	477
1420	16.3638	98.2986	0.015949	0	13494	0.0811564	0.0736953	0	33
500	16.3241	98.6625	0.0244808	0	13494	0.114434	0.131285	0	256
1650	16.3042	98.3187	0.0139673	0	13494	0.099856	0.106701	0	29
30	16.2884	98.8563	0.0140638	0	13494	0.172264	0.0780938	0	525
180	16.283	98.872	0.00504046	0	13494	0.16328	0.0835362	0	669
1110	16.2765	98.3294	0.017528	0	13494	0.157406	0.123371	0	37
1150	16.2477	98.849	0.00387435	0	13494	0.156584	0.105586	0	611
70	16.2468	98.871	0.0116611	0	13494	0.144813	0.0855705	0	628
350	16.2403	98.8527	0.0161529	0	13494	0.141867	0.0805068	0	562
1380	16.2157	98.3498	0.011555	0	13494	0.141309	0.070336	0	44
60	16.2099	98.8195	0.0164987	0	13494	0.140887	0.0980345	0	586
75	16.2088	98.8095	0.00326818	0	13494	0.138049	0.0831575	0	502
65	16.1633	98.8352	0.00350318	0	13494	0.135106	0.0743467	0	576
215	16.152	98.3806	0.0377249	0	13494	0.13502	0.110698	0	104
200	16.1482	98.3891	0.0227072	0	13494	0.129791	0.0944454	0	95
75	16.4288	98.5688	0.0156308	0	13494	0.129645	0.106753	0	419
445	16.1322	98.3878	0.0195245	0	13494	0.128489	0.0683067	0	64
265	16.1088	98.8002	0.0184786	0	13494	0.128264	0.100546	0	568
300	16.1051	98.3901	0.00499196	0	13494	0.122995	0.144525	0	68
800	16.105	98.4024	0.033482	0	13494	0.122387	0.0726645	0	132
275	16.0866	98.4412	0.0178903	0	13494	0.119728	0.0841638	0	173
360	16.055	98.4483	0.0080732	0	13494	0.118149	0.162187	0	91
350	16.05	98.3779	0.00539508	0	13494	0.118054	0.0829205	0	32
470	16.0461	98.4525	0.00812676	0	13494	0.115967	0.0732095	0	91
190	16.0459	98.615	0.00184469	0	13494	0.114099	0.109767	0	771
1390	16.0399	98.4158	0.0107653	0	13494	0.114004	0.101858	0	60
2000	16.0398	98.4159	0.0271067	0	13494	0.113758	0.0947191	0	60
135	16.0065	98.3985	0.00757568	0	13494	0.113117	0.127365	0	38
2440	15.9621	98.4207	0.0241473	0	13494	0.113077	0.0912124	0	38
185	15.9408	98.4801	0.0150449	0	13494	0.11297	0.0713687	0	107
330	15.9311	98.4531	0.021606	0	13494	0.112815	0.0790636	0	48
250	15.8951	98.4546	0.028937	0	13494	0.112811	0.0893373	0	47
1250	15.8949	98.4831	0.00430056	0	13494	0.112444	0.10873	0	63
595	15.8899	98.5225	0.0168443	0	13494	0.112436	0.0926033	0	126
165	15.8828	98.4996	0.00896481	0	13494	0.112139	0.0911517	0	88
275	15.8473	98.545	0.00581737	0	13494	0.112018	0.0831623	0	132
175	15.8424	98.5201	0.0121568	0	13494	0.111934	0.099856	0	78
600	15.8219	98.5225	0.0383541	0	13494	0.111651	0.0627756	0	82
120	15.8103	98.5698	0.00777003	0	13494	0.111646	0.0907619	0	151
240	15.8023	98.5758	0.030371	0	13494	0.111589	0.097473	0	159
260	15.7818	98.5545	0.040309	0	13494	0.110975	0.109521	0	106
50	17.1072	98.2973	0.0229497	0	13494	0.110835	0.102814	0	165
165	17.2764	98.0394	0.0185678	0	13494	0.110698	0.0894688	0	1413
400	16.9256	98.0431	0.0114805	0	13494	0.110666	0.0906128	0	17
125	17.1545	98.0191	0.0104194	0	13494	0.109851	0.0902696	0	58
248	17.2027	97.9773	0.0161914	0	13494	0.109548	0.0742661	0	64
405	16.9261	98.0349	0.020613	0	13494	0.109166	0.1337	0	13
260	16.9429	98.0383	0.0208879	0	13494	0.108841	0.0904492	0	19
185	16.9481	98.0369	0.0077282	0	13494	0.108793	0.100874	0	13
145	16.9529	98.0484	0.00563214	0	13494	0.108665	0.167095	0	27
150	16.9595	98.0608	0.049788	0	13494	0.108206	0.114552	0	35
105	16.9429	98.0309	0.00636905	0	13494	0.1082	0.0922592	0	13
385	16.9496	98.0341	0.0252514	0	13494	0.10804	0.0841745	0	13
300	16.9506	98.0282	0.00775216	0	13494	0.107984	0.0890952	0	12
125	16.9626	98.0234	0.00574279	0	13494	0.107823	0.121782	0	19
100	16.9623	98.0313	0.00951638	0	13494	0.107676	0.0776825	0	30
405	16.9383	98.0404	0.0126608	0	13494	0.107118	0.0938774	0	20
790	16.9832	98.0088	0.00786242	0	13494	0.107046	0.104388	0	19
400	16.9726	98.0185	0.0234696	0	13494	0.106936	0.128489	0	20
460	16.9821	98.0467	0.0149715	0	13494	0.106701	0.0793765	0	44
150	16.9947	98.0174	0.0212048	0	13494	0.106692	0.111391	0	18
240	16.7462	98.1146	0.0208189	0	13494	0.106657	0.107158	0	11
1235	16.8065	98.1094	0.0305356	0	13494	0.106524	0.111679	0	15
305	16.7961	98.1014	0.0200638	0	13494	0.106498	0.0982427	0	13
270	16.7961	98.1015	0.00702388	0	13494	0.106463	0.0877204	0	13
240	16.7901	98.0866	0.0104036	0	13494	0.106362	0.103127	0	18
225	16.7834	98.0792	0.00237545	0	13494	0.106253	0.0838645	0	13
435	16.715	98.0887	0.0105732	0	13494	0.106123	0.0909883	0	8
230	16.7574	98.104	0.00649314	0	13494	0.106107	0.085676	0	13
205	16.7659	98.1083	0.0049736	0	13494	0.106068	0.0758778	0	15
150	18.2443	97.3767	0.0212015	0	13494	0.10604	0.0730654	0	205
278	16.97	98.0199	0.0400862	0	13494	0.105697	0.0939184	0	20
250	17.0182	97.6403	0.00367432	0	13494	0.105523	0.105706	0	17
610	16.5837	98.093	0.00562298	0	13494	0.105448	0.0827258	0	13
1490	16.7079	98.1515	0.0164787	0	13494	0.105068	0.107552	0	15
750	16.6944	98.1022	0.0246357	0	13494	0.105068	0.0749017	0	15
425	16.6978	98.1501	0.00367261	0	13494	0.105036	0.111659	0	15
310	16.6802	98.2086	0.0106604	0	13494	0.104904	0.0585827	0	23
340	16.6693	98.2169	0.026951	0	13494	0.104624	0.104473	0	22
400	16.7568	98.0603	0.0222859	0	13494	0.104604	0.0918962	0	9
400	16.7201	98.0726	0.00853458	0	13494	0.104388	0.0803904	0	14
400	16.7248	98.0531	0.0112974	0	13494	0.104021	0.0869755	0	11
528	16.9023	97.7112	0.0106422	0	13494	0.103755	0.13734	0	16
528	16.9643	97.7446	0.0443724	0	13494	0.102957	0.12909	0	9
528	16.9494	97.7656	0.0247159	0	13494	0.101541	0.158112	0	13
528	16.9657	97.896	0.010395	0	13494	0.101068	0.0815197	0	8
528	17.0353	97.6278	0.00582718	0	13494	0.101033	0.106613	0	20
528	17.0475	97.6058	0.0504188	0	13494	0.100605	0.120219	0	11
248	17.2102	97.6382	0.0197536	0	13494	0.100129	0.0913098	0	17
375	17.3052	97.6608	0.00444102	0	13494	0.0989087	0.0834029	0	16
248	17.1559	97.9044	0.034541	0	13494	0.0987648	0.0667868	0	40
248	17.1172	97.6888	0.00431616	0	13494	0.0986087	0.0979804	0	19
375	16.3864	98.041	0.000995596	0	13494	0.0967544	0.140054	0	10
